3
25
8 7 -6 23 25 24 -7 -22 6 16 2 21 12 12 0 -5 19 -14 4 -10 23 6 7 4 6
1 2
1 3
1 4
1 5
4 6
2 7
2 8
8 9
9 10
9 11
11 12
9 13
12 14
13 15
7 16
10 17
1 18
5 19
15 20
16 21
7 22
16 23
17 24
14 25
94
3 20 -6 7 -4 25 18 21 -12 -25 -11 -7 -3 -8 18 21 1 25 14 6 7 4 14 19 3 16 -6 -7 -14 -9 -10 0 -6 5 -4 7 1 -2 12 -8 -4 -24 -3 -9 -19 14 -4 4 -7 -4 -1 4 -4 6 7 18 16 -7 20 -4 21 21 9 16 -17 9 19 8 -17 -12 -8 15 -6 -1 -7 1 -1 -12 18 -9 -18 -22 -14 5 -8 20 5 -6 18 2 -12 19 19 13
1 2
1 3
2 4
1 5
2 6
1 7
6 8
5 9
5 10
8 11
3 12
8 13
8 14
13 15
3 16
11 17
14 18
14 19
16 20
9 21
6 22
11 23
19 24
11 25
9 26
3 27
21 28
24 29
11 30
24 31
28 32
2 33
24 34
19 35
18 36
12 37
27 38
21 39
16 40
26 41
33 42
34 43
23 44
14 45
12 46
6 47
37 48
3 49
7 50
27 51
51 52
11 53
2 54
17 55
23 56
3 57
28 58
37 59
36 60
7 61
51 62
25 63
20 64
3 65
47 66
44 67
22 68
22 69
11 70
16 71
62 72
46 73
72 74
26 75
25 76
4 77
45 78
68 79
4 80
77 81
52 82
52 83
31 84
23 85
35 86
17 87
74 88
12 89
37 90
42 91
49 92
75 93
83 94
41
8 24 21 -23 19 -2 4 1 6 -4 5 2 21 9 -5 9 14 1 20 5 8 -2 -5 -6 9 3 8 23 6 16 1 -13 10 -1 -12 25 25 -8 13 18 -3
1 2
2 3
3 4
1 5
2 6
2 7
2 8
3 9
2 10
7 11
11 12
8 13
1 14
7 15
8 16
13 17
9 18
12 19
13 20
17 21
17 22
10 23
23 24
5 25
17 26
10 27
7 28
10 29
29 30
11 31
21 32
29 33
30 34
22 35
6 36
36 37
23 38
37 39
26 40
5 41