3
985
15 -1 22 -3 -18 7 14 -1 25 -15 3 8 8 14 14 11 11 0 15 -14 -20 -8 14 6 10 7 8 -12 1 -24 -8 -17 -9 -3 12 4 -4 6 -4 4 24 16 24 25 -19 13 21 15 -19 -3 23 -21 -1 2 6 -1 25 13 17 24 9 -15 12 2 7 13 19 -24 -11 3 24 8 -15 -22 -4 -1 -24 12 13 20 19 17 5 22 1 6 -4 -6 9 7 -19 -8 -5 7 4 10 7 7 -14 12 5 -6 23 -9 -8 -4 2 -20 11 8 -11 -8 5 11 16 25 -23 -7 -9 -8 -1 -20 7 -2 -8 -2 5 -24 -13 5 15 -4 7 22 -4 -9 -5 17 25 14 20 8 -25 12 25 9 2 -25 17 -18 15 8 -25 -4 13 6 15 7 25 -21 -16 -17 -16 22 -9 -6 -15 -7 18 5 19 4 1 13 -9 0 22 1 -6 -5 8 8 8 3 21 24 7 -3 4 14 3 -8 -8 20 4 8 19 21 21 17 -12 2 17 3 -9 -19 3 -4 -3 8 -22 -13 -14 -6 1 -9 -23 14 4 -22 16 25 -4 -14 5 -6 23 14 -11 -7 -8 2 11 4 -1 17 2 10 19 4 17 -7 -7 -1 9 7 4 8 7 4 18 9 2 19 19 -18 -19 1 13 22 5 -6 23 24 9 -9 22 18 10 5 -25 19 8 13 23 0 18 -19 -18 2 24 -24 -6 17 -23 12 22 -11 10 19 2 5 -8 -5 8 3 12 9 6 -5 19 13 23 5 -5 -4 19 -22 3 -13 10 -7 -2 -1 -22 12 24 -5 -3 -6 9 2 -4 25 -21 0 11 21 17 25 -8 14 3 13 -6 4 -15 -5 11 19 12 16 10 -15 1 -10 23 17 -10 25 11 1 16 -1 7 3 -7 -9 -8 -8 6 2 18 -12 -3 -3 -9 -10 3 14 19 4 4 -3 -13 16 9 25 1 17 20 -3 15 -20 -2 23 5 -17 19 11 5 -7 23 23 -17 -24 -5 1 20 18 -1 -16 18 18 7 12 14 -1 -4 -7 3 10 10 -25 11 -5 -10 -25 -6 -8 -5 -2 -11 -24 7 7 13 22 13 -2 -7 -25 -2 11 10 -9 19 -3 12 25 -14 9 -8 -21 -8 -7 24 1 15 -4 7 -19 -8 25 13 -6 -6 -22 25 22 1 8 11 -2 13 4 14 20 -3 -7 -22 -4 -2 23 -5 -4 -4 -21 19 -5 -16 -20 5 10 21 -24 13 7 8 0 -22 8 -22 -5 -4 2 23 16 25 -5 22 14 -13 -4 -14 5 -20 -13 22 1 -2 -16 20 11 -14 -24 6 25 -22 -1 2 -15 -8 8 10 20 -6 -8 -9 -14 -22 -4 -22 -21 -1 16 9 -21 22 12 21 13 14 -3 22 8 3 -25 -4 3 1 -5 5 -7 -4 6 5 -8 5 -18 -8 20 -13 5 -12 -12 -2 7 -4 6 -9 3 0 0 11 24 1 -2 14 22 10 3 3 4 11 7 -2 -4 11 8 23 -2 25 -25 -10 -9 -21 -9 10 23 14 18 6 -8 14 -1 5 18 3 -4 -6 6 24 -7 2 16 19 3 2 12 9 -3 -7 -12 23 15 15 -7 -3 13 9 6 -25 14 2 -20 -16 3 25 -3 6 16 -5 -8 18 -7 -14 0 9 2 19 -8 -17 20 -16 -9 -18 -14 -1 10 -3 12 4 -25 -22 1 19 19 2 -14 21 17 -5 11 21 -8 15 12 7 -8 1 -7 15 -2 3 5 -6 1 19 -11 7 -17 11 21 2 14 15 1 23 -12 18 -14 -3 2 -16 3 8 19 17 -23 17 25 5 -3 22 12 0 18 -12 17 18 -12 1 -2 -17 9 21 22 13 5 21 8 -10 -17 22 -4 10 -1 -5 20 10 21 24 24 6 7 -1 9 13 5 2 1 -9 21 19 -3 23 8 6 -3 -20 0 24 -11 -3 -1 -19 -23 5 -5 -3 24 1 6 24 1 21 -7 -13 9 -3 16 -23 18 -6 18 -6 -19 7 3 0 0 16 -23 -1 8 25 -2 5 -9 -8 4 7 -3 19 16 -7 16 13 1 19 19 -15 22 6 -21 -5 -16 3 -7 -13 1 2 11 -7 -14 -13 9 -9 -7 17 -24 0 20 20 -4 16 17 -20 -15 -8 7 -2 -1 1 10 13 14 -11 -2 19 -2 19 0 12 9 2 -3 15 8 -24 16 12 8 -9 24 4 1 4 -22 16 25 -5 9 15 25 -2 6 7 -24 -4 -2 -17 20 0 23 -9 -6 -22 3 -21 -6 14 22 20 5 21 14 10 -7 7 16 -4 -9 24 -6 -7 6 -13 -13 6 19 24 7 4 -6 5 11 0 16 9 3 -12 17 20 5 1 25 -3 -3 -2 3 16 -16 -6 -7 -18 6 -8 -9 19 2 -6 7 5 0 -3 12 4 21 -20 25 21 1 23 5 6 -12 11 14 -20 -4 5 5 22 25 -13 6 12 8 -6 -1 10 -3 25 5 3 14 -9 -11 -16 8 -20 2 11
1 2
2 3
2 4
2 5
2 6
5 7
1 8
7 9
9 10
6 11
6 12
10 13
5 14
1 15
14 16
7 17
8 18
12 19
9 20
20 21
20 22
14 23
23 24
14 25
10 26
11 27
23 28
27 29
16 30
30 31
25 32
10 33
18 34
9 35
18 36
34 37
12 38
2 39
16 40
11 41
30 42
3 43
14 44
15 45
11 46
10 47
27 48
14 49
43 50
26 51
7 52
13 53
2 54
35 55
4 56
22 57
20 58
35 59
25 60
3 61
24 62
13 63
33 64
25 65
21 66
38 67
38 68
3 69
1 70
7 71
34 72
34 73
43 74
8 75
55 76
74 77
37 78
32 79
63 80
79 81
24 82
38 83
33 84
34 85
16 86
81 87
36 88
47 89
66 90
3 91
62 92
37 93
92 94
56 95
63 96
20 97
94 98
49 99
93 100
21 101
18 102
90 103
98 104
62 105
60 106
67 107
34 108
63 109
101 110
35 111
104 112
97 113
48 114
38 115
96 116
45 117
23 118
111 119
109 120
33 121
71 122
56 123
28 124
19 125
49 126
5 127
117 128
41 129
64 130
42 131
17 132
33 133
115 134
44 135
106 136
21 137
53 138
137 139
129 140
67 141
109 142
86 143
132 144
95 145
15 146
98 147
40 148
28 149
30 150
146 151
39 152
95 153
34 154
94 155
134 156
29 157
30 158
55 159
31 160
159 161
83 162
101 163
76 164
96 165
15 166
56 167
8 168
155 169
88 170
89 171
18 172
172 173
141 174
19 175
138 176
78 177
169 178
153 179
8 180
172 181
150 182
100 183
98 184
18 185
28 186
112 187
40 188
37 189
189 190
116 191
81 192
69 193
91 194
133 195
84 196
106 197
87 198
137 199
45 200
70 201
111 202
109 203
200 204
17 205
26 206
160 207
154 208
104 209
4 210
190 211
100 212
143 213
47 214
26 215
114 216
132 217
50 218
88 219
170 220
83 221
16 222
108 223
165 224
192 225
166 226
58 227
8 228
202 229
124 230
217 231
10 232
31 233
123 234
164 235
113 236
110 237
226 238
63 239
79 240
215 241
185 242
205 243
195 244
167 245
105 246
133 247
81 248
86 249
35 250
215 251
143 252
35 253
241 254
154 255
200 256
175 257
153 258
74 259
63 260
107 261
168 262
164 263
181 264
99 265
141 266
128 267
180 268
81 269
105 270
87 271
147 272
99 273
118 274
206 275
231 276
216 277
216 278
136 279
213 280
43 281
190 282
151 283
279 284
183 285
251 286
71 287
253 288
84 289
85 290
243 291
196 292
197 293
76 294
121 295
221 296
252 297
240 298
223 299
209 300
85 301
193 302
259 303
129 304
251 305
232 306
112 307
235 308
80 309
279 310
303 311
125 312
79 313
197 314
232 315
121 316
244 317
93 318
288 319
226 320
136 321
283 322
183 323
43 324
150 325
147 326
286 327
299 328
287 329
220 330
99 331
309 332
109 333
195 334
299 335
113 336
82 337
124 338
28 339
200 340
39 341
339 342
82 343
284 344
83 345
242 346
54 347
150 348
58 349
162 350
338 351
186 352
225 353
147 354
88 355
214 356
162 357
344 358
294 359
152 360
78 361
325 362
59 363
106 364
306 365
224 366
175 367
185 368
268 369
119 370
139 371
328 372
229 373
239 374
237 375
316 376
213 377
182 378
273 379
371 380
329 381
182 382
212 383
230 384
73 385
321 386
81 387
252 388
42 389
280 390
61 391
7 392
86 393
331 394
24 395
191 396
149 397
349 398
16 399
103 400
52 401
327 402
181 403
191 404
163 405
165 406
228 407
284 408
340 409
156 410
267 411
130 412
305 413
214 414
401 415
156 416
131 417
89 418
177 419
46 420
50 421
276 422
391 423
187 424
196 425
337 426
5 427
97 428
156 429
311 430
346 431
42 432
79 433
65 434
280 435
360 436
369 437
390 438
294 439
437 440
213 441
236 442
67 443
437 444
322 445
52 446
302 447
352 448
340 449
131 450
274 451
300 452
357 453
349 454
448 455
158 456
208 457
162 458
191 459
322 460
424 461
178 462
49 463
202 464
115 465
305 466
115 467
272 468
192 469
320 470
427 471
239 472
428 473
239 474
313 475
188 476
32 477
475 478
299 479
433 480
397 481
157 482
216 483
428 484
469 485
410 486
184 487
105 488
30 489
358 490
131 491
465 492
357 493
136 494
292 495
448 496
279 497
489 498
455 499
492 500
356 501
399 502
233 503
247 504
20 505
377 506
151 507
419 508
20 509
287 510
191 511
188 512
51 513
401 514
53 515
246 516
444 517
331 518
134 519
74 520
119 521
292 522
442 523
26 524
284 525
486 526
499 527
335 528
382 529
320 530
286 531
344 532
202 533
354 534
146 535
507 536
15 537
231 538
176 539
309 540
388 541
212 542
98 543
417 544
248 545
46 546
40 547
265 548
341 549
250 550
283 551
158 552
288 553
403 554
145 555
451 556
60 557
406 558
354 559
221 560
361 561
307 562
272 563
485 564
101 565
293 566
486 567
526 568
470 569
148 570
513 571
15 572
204 573
430 574
455 575
113 576
538 577
183 578
191 579
185 580
259 581
355 582
373 583
332 584
227 585
350 586
163 587
317 588
189 589
345 590
367 591
395 592
222 593
167 594
190 595
258 596
554 597
583 598
58 599
205 600
584 601
162 602
587 603
63 604
249 605
297 606
373 607
267 608
44 609
396 610
48 611
395 612
316 613
52 614
355 615
293 616
304 617
278 618
30 619
359 620
502 621
359 622
304 623
48 624
496 625
290 626
300 627
58 628
613 629
478 630
558 631
308 632
310 633
330 634
61 635
431 636
161 637
583 638
575 639
404 640
124 641
110 642
373 643
138 644
389 645
498 646
197 647
258 648
118 649
125 650
408 651
353 652
564 653
626 654
503 655
518 656
260 657
640 658
296 659
194 660
592 661
301 662
443 663
278 664
426 665
208 666
445 667
69 668
242 669
125 670
118 671
282 672
400 673
83 674
604 675
178 676
292 677
469 678
527 679
360 680
70 681
464 682
289 683
186 684
579 685
670 686
142 687
406 688
576 689
589 690
324 691
457 692
576 693
443 694
325 695
588 696
140 697
199 698
660 699
405 700
627 701
273 702
352 703
491 704
327 705
473 706
671 707
261 708
288 709
305 710
614 711
575 712
410 713
187 714
549 715
618 716
255 717
200 718
514 719
323 720
442 721
613 722
482 723
358 724
362 725
234 726
236 727
358 728
218 729
347 730
607 731
469 732
123 733
349 734
553 735
601 736
733 737
177 738
246 739
187 740
703 741
395 742
628 743
670 744
101 745
602 746
483 747
287 748
369 749
438 750
720 751
363 752
668 753
351 754
435 755
382 756
238 757
438 758
502 759
342 760
614 761
445 762
295 763
326 764
78 765
604 766
254 767
77 768
45 769
264 770
572 771
106 772
155 773
761 774
169 775
451 776
688 777
225 778
301 779
432 780
218 781
538 782
232 783
298 784
706 785
493 786
157 787
264 788
392 789
235 790
383 791
370 792
438 793
754 794
594 795
311 796
358 797
641 798
359 799
672 800
793 801
268 802
648 803
501 804
717 805
193 806
706 807
39 808
791 809
703 810
560 811
254 812
348 813
610 814
65 815
195 816
398 817
545 818
582 819
680 820
290 821
799 822
540 823
26 824
763 825
760 826
142 827
632 828
781 829
600 830
412 831
360 832
780 833
80 834
536 835
404 836
301 837
485 838
488 839
827 840
562 841
341 842
305 843
252 844
542 845
422 846
582 847
229 848
91 849
54 850
77 851
485 852
343 853
267 854
566 855
452 856
224 857
650 858
510 859
260 860
545 861
417 862
627 863
552 864
173 865
364 866
318 867
242 868
314 869
253 870
634 871
605 872
344 873
357 874
399 875
498 876
218 877
586 878
429 879
336 880
436 881
515 882
561 883
22 884
161 885
36 886
882 887
725 888
67 889
326 890
771 891
671 892
333 893
748 894
741 895
15 896
581 897
831 898
833 899
474 900
811 901
838 902
108 903
302 904
352 905
397 906
169 907
710 908
198 909
630 910
859 911
68 912
285 913
869 914
733 915
725 916
167 917
371 918
216 919
675 920
617 921
919 922
785 923
887 924
911 925
383 926
289 927
305 928
751 929
432 930
570 931
72 932
842 933
442 934
211 935
526 936
139 937
84 938
723 939
802 940
548 941
549 942
612 943
788 944
264 945
176 946
693 947
135 948
880 949
405 950
610 951
548 952
258 953
534 954
767 955
814 956
406 957
796 958
142 959
818 960
382 961
551 962
875 963
148 964
576 965
773 966
674 967
445 968
470 969
821 970
343 971
809 972
191 973
501 974
152 975
605 976
600 977
394 978
963 979
902 980
402 981
683 982
924 983
748 984
512 985
489
11 2 22 -9 -14 6 8 -22 -7 24 -3 -15 -6 2 13 4 3 -24 23 -3 0 -7 24 11 -5 1 11 5 10 -9 6 -5 20 14 6 -7 -13 12 -9 2 2 7 18 11 6 -9 3 18 -24 16 9 4 14 23 -6 13 1 -11 24 3 19 4 22 1 -8 23 8 -16 7 -10 -9 6 3 4 17 7 1 -1 25 -8 -4 -12 13 16 12 -8 2 7 -5 -25 -23 14 -8 23 17 14 7 0 -22 14 17 20 17 -24 8 -8 6 -8 5 5 15 21 4 -13 -7 -15 3 13 21 -6 -13 -1 -2 6 21 -25 25 6 18 3 1 1 24 -23 -23 5 3 -19 21 15 -25 8 -2 17 -13 11 -1 18 13 8 25 -20 18 -16 15 17 24 23 -2 4 -23 8 14 6 -8 -5 23 -9 -5 0 13 20 5 8 17 -8 -2 6 -22 23 -1 4 -3 -9 8 18 -7 17 -21 1 12 18 7 0 -14 22 5 2 1 -19 -7 13 20 25 -6 -14 11 -5 5 -1 11 -1 1 -6 9 1 9 11 -9 16 15 16 3 24 24 -2 -6 -19 14 -24 23 3 0 -1 1 3 1 16 1 8 -5 25 6 -24 13 8 17 13 -8 -5 4 -13 19 24 12 -4 -5 0 0 7 11 -1 -4 5 7 19 7 12 7 5 -16 4 21 5 9 -6 21 -2 11 12 20 -2 7 -9 1 15 2 10 15 12 -1 4 17 20 3 0 19 15 20 7 -5 14 6 -6 6 21 -2 -12 -23 -19 -6 23 -12 9 -6 4 -1 16 11 23 0 -24 -23 2 8 -1 -14 -15 -5 1 -8 20 4 16 2 -3 -6 -8 1 -1 -2 14 6 -24 -5 -25 -4 5 18 18 -6 18 6 11 -2 11 13 -5 3 -21 -8 -19 0 19 -19 1 5 18 -5 16 14 8 1 12 -5 -6 -11 10 -2 2 -9 -1 25 13 11 2 13 12 10 17 -11 -6 9 -4 6 18 22 25 -12 -6 24 -24 5 2 1 -23 -23 -7 6 -21 -14 -1 -7 16 21 0 22 -6 0 -6 10 3 23 6 -22 9 6 13 9 21 23 -11 -16 0 8 17 -5 21 3 16 2 11 -11 -14 20 -6 18 20 11 21 9 -8 18 5 -2 7 17 -4 10 3 -10 -8 24 23 22 18 15 -6 3 -7 -9 23 -5 -14 15 -6 6 23 -6 7 -15 -9 2 -23 0 19 -4 -25 23
1 2
1 3
1 4
3 5
2 6
3 7
2 8
5 9
7 10
10 11
9 12
9 13
4 14
2 15
7 16
11 17
11 18
17 19
4 20
9 21
11 22
18 23
8 24
14 25
8 26
26 27
13 28
27 29
13 30
29 31
18 32
9 33
16 34
5 35
20 36
30 37
27 38
20 39
28 40
10 41
10 42
24 43
3 44
41 45
24 46
16 47
26 48
21 49
26 50
41 51
12 52
30 53
50 54
28 55
27 56
39 57
48 58
14 59
19 60
18 61
12 62
25 63
19 64
36 65
39 66
16 67
15 68
64 69
43 70
51 71
47 72
56 73
33 74
20 75
61 76
26 77
8 78
73 79
50 80
15 81
17 82
82 83
22 84
49 85
46 86
56 87
53 88
78 89
40 90
76 91
32 92
32 93
82 94
94 95
33 96
69 97
63 98
62 99
84 100
37 101
25 102
79 103
36 104
51 105
22 106
81 107
29 108
105 109
63 110
31 111
74 112
105 113
85 114
72 115
69 116
57 117
80 118
65 119
34 120
68 121
4 122
67 123
115 124
108 125
64 126
20 127
112 128
72 129
5 130
117 131
89 132
47 133
104 134
43 135
6 136
122 137
123 138
132 139
92 140
48 141
55 142
46 143
89 144
102 145
32 146
46 147
46 148
59 149
75 150
119 151
40 152
53 153
21 154
135 155
72 156
89 157
36 158
122 159
154 160
20 161
98 162
105 163
147 164
115 165
119 166
146 167
125 168
72 169
132 170
50 171
35 172
53 173
135 174
89 175
136 176
161 177
20 178
93 179
37 180
139 181
121 182
124 183
162 184
95 185
65 186
57 187
112 188
166 189
174 190
172 191
127 192
71 193
191 194
119 195
50 196
11 197
165 198
90 199
160 200
164 201
158 202
201 203
200 204
193 205
39 206
44 207
49 208
94 209
50 210
196 211
108 212
116 213
183 214
85 215
188 216
5 217
160 218
134 219
217 220
180 221
94 222
68 223
102 224
54 225
161 226
206 227
145 228
207 229
181 230
113 231
53 232
49 233
91 234
67 235
39 236
167 237
145 238
33 239
149 240
69 241
137 242
236 243
136 244
244 245
226 246
117 247
140 248
200 249
117 250
72 251
47 252
3 253
152 254
138 255
55 256
228 257
174 258
29 259
172 260
237 261
186 262
36 263
225 264
127 265
200 266
4 267
244 268
162 269
68 270
236 271
232 272
161 273
120 274
234 275
188 276
198 277
83 278
213 279
67 280
128 281
165 282
97 283
221 284
164 285
26 286
132 287
146 288
253 289
33 290
136 291
110 292
39 293
28 294
278 295
111 296
175 297
103 298
138 299
183 300
72 301
284 302
261 303
223 304
96 305
212 306
214 307
276 308
188 309
267 310
60 311
257 312
268 313
196 314
157 315
211 316
281 317
132 318
142 319
273 320
228 321
109 322
220 323
33 324
270 325
221 326
122 327
310 328
171 329
252 330
250 331
75 332
202 333
252 334
189 335
230 336
78 337
262 338
224 339
207 340
327 341
159 342
30 343
135 344
38 345
281 346
38 347
74 348
123 349
277 350
307 351
180 352
341 353
304 354
292 355
269 356
278 357
171 358
116 359
328 360
251 361
308 362
62 363
125 364
216 365
288 366
273 367
61 368
314 369
108 370
147 371
340 372
141 373
97 374
100 375
36 376
333 377
258 378
282 379
377 380
96 381
254 382
310 383
360 384
88 385
204 386
352 387
136 388
78 389
119 390
116 391
69 392
344 393
291 394
190 395
181 396
119 397
132 398
360 399
244 400
245 401
188 402
265 403
361 404
297 405
181 406
394 407
245 408
328 409
398 410
47 411
308 412
340 413
47 414
57 415
343 416
313 417
173 418
314 419
173 420
54 421
166 422
271 423
278 424
273 425
361 426
192 427
239 428
13 429
327 430
42 431
387 432
125 433
251 434
327 435
351 436
196 437
306 438
209 439
193 440
379 441
283 442
196 443
431 444
128 445
77 446
188 447
195 448
401 449
303 450
337 451
104 452
99 453
157 454
83 455
76 456
272 457
148 458
207 459
457 460
456 461
282 462
212 463
122 464
446 465
406 466
116 467
394 468
357 469
206 470
8 471
456 472
433 473
294 474
322 475
448 476
126 477
321 478
268 479
189 480
40 481
141 482
216 483
159 484
103 485
263 486
258 487
386 488
472 489
168
4 -20 4 10 -7 -18 4 8 -17 4 5 19 15 -7 6 -5 -10 16 -16 0 -5 2 7 3 13 16 21 16 4 -17 -6 -12 16 -20 15 25 18 1 -6 4 1 3 -8 2 -21 15 -2 6 12 12 -16 20 17 18 -6 0 -2 22 -2 -20 17 -17 -1 -6 -17 -7 -14 7 22 8 13 -22 3 13 11 12 8 3 22 3 -14 -19 19 -3 -12 20 -7 -23 20 9 -4 -2 0 14 11 17 25 5 0 -19 4 15 -5 1 17 8 19 21 -9 -3 5 10 -5 -19 8 23 12 -9 8 1 -6 0 25 -2 25 4 -7 24 -21 0 -14 -4 18 -3 -24 -4 22 -7 -16 21 24 -8 -1 -8 3 6 8 -17 19 20 21 3 5 -4 3 14 11 -6 19 -10 -14 -22 7 19 -5 -14 -5 25
1 2
2 3
3 4
2 5
3 6
2 7
1 8
8 9
6 10
1 11
6 12
3 13
3 14
3 15
14 16
7 17
16 18
13 19
16 20
5 21
14 22
13 23
11 24
9 25
1 26
12 27
19 28
27 29
21 30
24 31
7 32
24 33
31 34
16 35
7 36
12 37
22 38
13 39
10 40
17 41
10 42
28 43
12 44
43 45
42 46
33 47
38 48
7 49
38 50
41 51
15 52
42 53
27 54
45 55
5 56
25 57
33 58
25 59
21 60
10 61
57 62
34 63
63 64
3 65
11 66
56 67
45 68
31 69
12 70
23 71
55 72
46 73
50 74
8 75
29 76
41 77
32 78
26 79
18 80
41 81
77 82
6 83
54 84
52 85
22 86
66 87
24 88
5 89
53 90
81 91
44 92
47 93
57 94
58 95
41 96
82 97
74 98
49 99
91 100
97 101
47 102
61 103
73 104
26 105
18 106
60 107
85 108
87 109
99 110
79 111
76 112
111 113
13 114
95 115
70 116
65 117
19 118
69 119
103 120
30 121
6 122
104 123
109 124
82 125
59 126
80 127
88 128
23 129
73 130
104 131
128 132
55 133
72 134
101 135
93 136
82 137
50 138
73 139
19 140
37 141
131 142
116 143
62 144
37 145
102 146
72 147
51 148
103 149
104 150
106 151
129 152
4 153
52 154
46 155
135 156
100 157
22 158
86 159
156 160
25 161
89 162
25 163
32 164
65 165
89 166
165 167
75 168