4658 10229
0 1
0 2
0 5
0 39
0 46
0 60
0 550
0 623
0 2054
0 2485
0 3065
0 3464
0 3465
0 3498
1 4
1 59
1 64
1 104
1 194
1 643
1 946
1 1160
1 1574
1 2708
1 4394
2 3
2 6
2 10
2 36
2 65
2 68
2 412
2 593
2 860
2 878
2 1225
2 2457
2 2648
2 3304
3 11
3 13
3 34
3 38
3 51
3 221
3 262
3 1196
3 1338
4 7
4 9
4 30
4 37
4 44
4 95
4 136
4 427
4 492
4 500
4 542
4 1113
4 1542
4 2062
4 2583
5 12
5 25
5 29
5 120
5 333
5 408
5 1847
5 2551
6 8
6 14
6 211
6 934
6 3773
6 4418
7 16
7 102
7 163
7 309
7 1289
8 20
8 41
8 53
8 133
8 653
8 676
8 910
8 1718
8 2071
8 3806
8 3881
9 15
9 45
9 652
9 944
9 1680
9 1704
9 1837
10 19
10 83
10 92
10 107
11 28
11 33
11 96
11 130
11 379
11 810
11 938
11 2846
11 3803
11 3940
12 73
12 116
12 351
12 732
12 793
12 806
12 862
12 4165
13 47
13 72
13 152
13 292
13 3114
13 3261
14 24
14 43
14 404
14 748
14 4088
14 4334
15 17
15 21
15 23
15 361
15 1548
16 242
16 618
16 3498
16 3903
17 18
17 420
17 745
17 1217
17 1525
17 2101
17 4004
18 181
18 317
18 1519
18 1745
18 3081
18 3522
19 75
19 131
19 140
19 156
19 250
19 1802
19 1892
19 2379
19 2735
20 22
20 149
20 1261
20 2328
21 106
21 177
21 182
21 226
21 1899
21 2666
22 71
22 202
22 212
22 327
22 376
22 400
22 2610
22 2762
23 26
23 31
23 50
23 193
23 215
23 1217
23 1721
23 2008
23 2198
23 2963
24 77
24 936
24 1056
24 2296
25 27
25 153
25 772
25 879
25 1114
25 1383
25 1539
25 1750
25 1829
25 1970
25 2332
25 3549
25 3743
26 40
26 63
26 200
26 210
26 1848
26 2549
26 3220
26 3473
26 3557
27 122
27 192
27 496
27 710
27 994
27 1221
27 2362
27 2487
27 2813
27 3149
28 89
28 1710
28 3122
29 49
29 121
29 1507
29 2611
29 2616
29 3082
30 56
30 76
30 828
30 1797
30 2263
30 2911
30 3205
30 3690
31 32
31 58
31 88
31 518
31 3546
32 48
32 79
32 421
32 772
33 35
33 201
33 521
33 540
33 850
33 1739
33 3143
33 4262
34 61
34 81
34 374
34 1553
34 2848
34 3072
34 3396
34 3711
35 62
35 66
35 78
35 148
35 236
35 297
35 4347
35 4400
35 4474
36 67
36 138
36 870
36 1716
36 2232
36 3225
37 241
37 307
37 3077
37 4568
38 90
38 103
38 146
38 429
38 1969
39 52
39 55
39 184
39 188
39 1107
39 1755
39 2775
39 2895
40 42
40 53
40 751
40 1157
40 1785
40 3065
40 4323
40 4335
40 4403
41 142
41 1220
41 1246
41 1428
41 1517
41 2233
41 2505
41 4476
42 54
42 57
42 113
42 243
42 533
42 877
42 1151
42 2440
42 2590
43 232
43 235
43 321
43 356
43 372
43 457
43 2432
43 2691
43 3064
43 3341
43 4544
44 965
44 1066
44 1168
44 1762
45 80
45 134
45 861
45 2322
45 2542
45 2554
45 3330
46 3172
46 3417
46 3547
47 84
47 173
47 203
47 615
47 864
47 896
47 2698
47 2942
47 3235
47 4097
48 98
48 99
48 1914
48 2849
48 2914
48 3300
49 368
49 614
49 3623
50 82
50 334
50 4092
50 4186
51 85
51 97
51 651
51 3172
52 423
52 661
52 1298
52 1585
52 2142
52 2523
52 3194
52 3972
52 4010
53 137
53 353
53 636
53 891
53 1118
53 2174
53 2614
53 3367
53 3405
53 4106
54 259
54 332
54 724
54 1598
55 70
55 110
55 322
55 382
55 433
55 721
55 1509
56 572
56 798
56 844
56 1274
56 1502
56 2761
56 3666
57 1143
57 2061
58 86
58 168
58 287
58 378
58 431
58 443
58 1712
58 2862
59 132
59 155
59 357
59 464
59 790
59 1465
59 1469
59 1557
59 1950
59 2179
59 3077
60 101
60 461
60 555
60 569
60 1081
60 1121
60 1168
60 1344
60 2305
60 2581
60 3147
60 4465
61 143
61 752
61 960
61 3218
61 3905
62 229
62 1403
62 1485
62 2719
62 3069
63 108
63 180
63 254
63 988
63 1047
63 1262
63 3030
64 69
64 252
64 597
64 841
64 1300
64 2291
64 3219
65 834
65 2014
65 3519
65 4594
66 1200
66 3021
66 3469
66 4410
67 74
67 78
67 118
67 784
67 1471
67 2562
68 183
68 237
68 239
68 459
68 1244
68 4087
68 4296
69 129
69 154
69 165
69 199
69 260
69 270
69 502
69 674
69 747
69 1451
69 2292
69 2453
69 2921
69 4598
70 100
70 245
70 473
70 673
70 898
70 1092
71 132
71 175
71 300
71 490
71 1349
71 2012
72 87
72 114
72 127
72 358
72 468
72 659
72 730
72 830
72 1594
72 2049
72 2484
72 3821
72 4200
74 222
74 744
74 1296
74 2967
75 179
75 1048
75 2955
75 3238
75 3271
75 3693
75 3756
76 141
76 247
76 871
76 985
76 1009
76 1410
76 1771
76 2405
76 2534
76 3311
76 3641
77 238
77 349
77 500
77 584
77 1152
77 1705
77 4207
78 195
78 304
78 839
78 1001
78 3520
78 3722
79 110
79 646
79 885
79 1419
79 2503
79 2884
79 3130
80 135
80 772
80 802
80 912
80 1839
80 1877
80 3881
81 103
81 190
81 390
81 2929
81 2972
81 3187
81 4238
82 111
82 1035
82 1860
83 93
83 94
83 162
83 219
83 1463
83 3406
84 146
84 384
84 517
84 633
84 763
84 777
84 2471
84 3841
85 325
85 487
85 770
85 1136
85 1387
85 2912
85 3239
86 702
86 977
86 2459
86 3714
86 4597
87 91
87 157
87 1070
87 1074
87 1363
87 1514
87 1604
87 2052
87 3267
87 3803
87 4037
88 125
88 151
88 449
88 485
88 689
88 792
88 907
88 960
88 3478
88 3746
88 4495
89 105
89 388
89 544
89 2442
89 2532
89 2609
89 3247
90 213
90 276
90 829
90 1407
90 2480
90 3134
91 169
91 635
91 662
91 1319
91 2246
91 2514
91 3200
92 191
92 197
92 251
92 290
92 4177
93 465
93 641
93 1735
93 1891
93 3674
94 223
94 398
94 1253
94 1965
94 2987
94 3724
95 399
95 426
95 477
95 491
95 585
95 594
95 630
95 964
95 983
95 2100
95 2642
95 4443
96 171
96 816
97 176
97 185
97 234
97 566
97 642
97 979
97 2274
97 3866
97 4571
97 4600
98 147
98 220
98 1215
98 1226
98 1780
98 1786
98 2590
98 3653
99 144
99 189
99 224
99 503
99 1089
99 1778
99 2331
99 3633
99 3762
99 4179
100 112
100 257
100 429
100 553
100 1043
100 1317
100 1424
101 139
101 161
101 407
101 616
101 1190
101 1281
101 1322
101 1504
101 2052
101 2246
101 2538
101 3331
102 273
102 288
102 631
102 690
102 1872
102 2809
102 4014
103 1076
103 1473
103 2027
103 2145
104 209
104 537
104 663
104 1161
104 1468
105 223
105 363
105 415
105 664
105 828
105 852
105 1121
105 4101
106 954
106 2523
106 3879
106 4118
107 246
107 294
107 1740
107 2002
107 3004
107 3866
108 109
108 955
108 1018
108 1433
108 3637
108 4124
109 115
109 414
109 1268
109 1644
110 172
110 204
110 1168
110 1659
111 124
111 154
111 244
111 358
111 793
111 1016
111 1042
111 1287
111 1937
111 2007
111 2037
111 2888
112 907
112 2761
112 3876
113 126
113 196
113 336
113 342
113 1563
113 3321
114 117
114 205
114 1134
114 1322
114 2995
114 4332
115 123
115 166
115 529
115 725
115 1154
115 1454
115 2825
115 4307
116 530
116 1232
116 1251
116 1577
116 1640
116 3111
116 3302
116 4527
117 119
117 1171
117 1411
117 1430
117 3025
117 3033
118 395
118 794
118 856
118 1469
118 1679
118 2286
119 228
119 1123
120 165
120 546
120 826
120 1931
120 3774
120 3844
121 128
121 1167
121 2744
122 462
122 805
122 820
122 888
122 1168
122 2047
122 3294
122 4602
123 248
123 302
123 655
124 281
124 386
124 1080
124 1098
124 1337
124 4288
125 167
126 240
126 692
126 1057
126 1327
126 2310
126 2990
127 267
127 323
127 370
127 619
127 2407
127 3718
127 3719
128 150
128 3344
128 3989
128 4402
128 4445
129 303
129 571
129 821
129 1966
129 2250
129 3157
129 3711
130 916
130 1095
130 1561
130 2644
130 3350
130 3930
130 4052
131 208
131 1627
131 3454
132 254
132 335
132 1067
132 1297
132 2159
132 2894
132 2980
132 3902
132 4634
133 231
133 610
133 933
133 992
133 1733
133 2763
133 2836
133 4110
134 432
134 1165
134 1457
134 3205
134 3369
134 3680
134 4607
135 572
135 626
135 647
135 657
135 735
135 3775
136 670
136 981
136 1817
136 2639
136 2725
137 850
137 1373
137 2212
137 2697
137 3182
138 145
138 567
138 1221
138 2644
139 1012
139 4307
140 668
140 808
140 1093
140 1600
140 1665
140 3051
141 170
141 214
141 3132
141 3466
141 3603
142 206
142 207
142 370
142 416
142 552
142 1075
142 1313
143 228
143 284
143 691
143 698
143 3026
143 3659
143 4198
143 4376
143 4596
144 258
144 2745
144 3492
145 517
145 579
145 961
145 1649
146 230
146 672
146 2053
146 2724
146 4377
147 345
147 489
147 823
147 2704
147 3698
148 385
148 1174
148 2659
148 3107
149 174
149 279
149 296
149 574
149 707
150 1243
150 2412
151 354
151 1250
152 160
152 216
152 454
152 985
152 1479
152 2204
153 217
153 271
153 375
153 868
153 1065
153 1255
153 1860
153 2019
153 3394
153 3526
153 3652
153 4209
154 158
154 933
154 2679
154 3491
154 3967
154 4057
155 261
155 301
155 684
155 2252
155 2277
155 3457
156 463
156 768
156 4005
157 159
157 2479
157 3952
157 4179
158 178
158 2567
159 360
159 775
159 1017
159 1209
159 2246
159 2574
159 4550
160 275
160 437
160 460
160 1365
160 2523
160 2681
160 3682
160 3966
161 492
161 620
161 849
161 1347
161 1390
161 2036
161 3225
161 3274
162 164
162 187
162 628
162 1814
162 3124
162 3664
162 3747
162 3902
163 278
163 373
163 453
163 2202
163 2238
163 2461
163 2968
163 4421
164 272
164 295
164 1607
164 2600
165 1672
165 2445
166 282
166 428
166 2191
166 3307
166 3389
167 811
167 1302
167 2111
167 2184
167 3120
168 266
168 679
168 730
168 1019
168 3522
168 3555
169 175
169 330
169 391
169 551
169 635
169 901
169 1299
169 1838
169 3931
169 4088
169 4103
169 4254
170 264
170 819
170 847
170 2736
170 3573
170 3958
171 268
171 516
171 1124
171 2327
171 3536
171 3933
172 285
172 525
172 560
172 1063
172 2540
172 3106
172 3199
172 3226
173 883
173 1008
173 1905
173 2815
173 3959
174 798
174 935
174 2335
174 2411
174 3005
175 233
175 361
175 380
175 1330
175 1865
175 2388
175 2453
175 3542
176 350
176 742
176 1304
176 1442
176 2516
177 1198
177 1620
177 2588
178 359
178 366
178 444
178 1374
178 3456
178 3596
178 3698
179 804
179 1099
179 1291
179 2253
179 2387
179 3185
179 3341
179 4022
179 4056
179 4127
180 445
180 1694
180 1903
180 2042
181 324
181 1214
181 4587
182 186
182 1446
182 1628
182 1850
182 3554
182 3847
183 498
183 869
183 892
183 2436
183 3282
183 3645
184 255
184 318
184 1153
184 1603
184 1857
184 2212
184 2710
184 4138
184 4272
185 227
185 1032
185 1500
185 4265
186 214
186 286
186 1039
186 1310
186 2158
186 2298
186 3033
187 427
187 1732
187 2077
187 2662
187 3683
188 1052
188 1071
188 3114
188 3928
188 4390
188 4535
188 4570
188 4575
189 1149
189 1177
189 1571
190 693
190 1257
190 1906
190 2094
190 2460
190 4026
190 4649
191 228
191 344
191 466
191 2325
191 4197
192 283
192 1564
192 2168
192 2426
192 3399
192 4010
193 306
193 717
193 1051
193 3059
193 3588
194 198
194 265
194 1230
194 1876
194 1887
194 4375
194 4612
195 1990
195 2909
195 3060
195 3628
195 4024
195 4186
196 475
196 505
196 1280
196 1367
196 1856
196 2738
196 4167
197 1327
197 2694
197 3041
197 4324
198 248
198 439
198 470
198 788
198 1297
198 1329
198 2102
198 2469
198 3847
198 4568
199 225
199 411
199 1616
199 2189
199 3762
200 218
200 249
200 345
200 441
200 926
200 1142
201 285
201 1436
201 3361
201 3587
201 3973
201 4143
202 263
202 403
202 1471
202 2675
202 4173
203 277
203 1356
203 1835
203 3132
203 3290
204 329
204 995
204 1873
204 4244
205 312
205 912
205 1129
205 1395
206 1177
206 1398
206 1806
206 3565
207 236
207 396
207 625
207 1011
207 1069
207 1237
207 1269
207 1458
207 1581
207 1848
207 1863
207 3608
208 392
208 774
208 1053
208 2205
208 3494
208 3557
208 3636
209 298
209 511
209 870
209 1547
210 713
210 955
210 1006
210 1727
210 1769
210 3583
210 4072
211 233
211 553
211 554
211 1226
211 4000
212 355
212 1935
212 2027
212 2328
212 2362
212 2782
212 2849
213 1205
213 2662
213 3210
214 315
214 471
214 548
214 1249
214 1816
214 4369
215 361
215 453
215 1256
215 3479
215 4050
216 305
216 476
216 602
216 1141
216 1396
216 4578
217 1709
217 1824
217 2148
217 3708
218 393
218 644
218 682
218 3786
219 410
219 1541
219 1839
219 4002
219 4080
220 269
220 331
220 750
220 1345
220 1816
220 2173
220 2857
220 3003
221 402
221 1224
221 1559
221 1782
221 2831
221 3552
222 479
222 688
222 2061
222 2280
222 2348
223 535
223 600
223 2910
223 3112
223 3164
223 3658
223 3989
223 4514
224 295
224 325
224 369
224 426
224 1773
225 267
225 519
225 2064
226 1851
226 2011
226 2508
226 3232
226 3778
227 1171
227 4453
228 343
228 792
228 893
229 308
229 877
229 1867
229 1962
229 2321
229 2526
229 3162
229 3533
229 3980
229 4376
230 369
230 408
230 494
230 523
230 1388
231 372
231 649
231 1051
231 1927
231 1961
231 2149
231 2960
232 3376
233 362
233 857
233 1822
233 1911
233 2004
233 2716
233 3282
234 258
234 430
234 447
234 660
234 3901
235 971
235 1195
235 2686
236 293
236 394
236 664
236 1304
236 3027
236 3649
236 3966
237 346
237 967
237 1788
237 1836
237 1886
237 1923
237 4305
238 937
238 1117
238 1294
238 3345
238 3384
238 4191
239 639
239 743
239 841
239 1008
239 3562
240 874
241 253
241 368
241 1345
241 1484
241 1642
241 1777
241 1820
241 3066
242 547
242 993
242 1579
242 3828
243 359
243 367
243 815
243 957
243 2047
243 2802
243 2963
244 304
244 789
244 2786
244 3247
245 264
245 271
245 274
245 310
245 722
245 939
245 1031
245 1653
245 2796
245 2914
245 3246
245 4075
245 4544
246 726
246 1356
246 3069
246 3701
247 352
247 365
247 1024
247 1203
247 4341
248 317
248 501
248 919
248 1055
248 3375
248 3903
249 468
249 478
250 434
250 488
250 791
250 863
250 1073
250 3620
250 3876
251 280
251 932
252 1766
253 256
253 510
253 530
253 538
253 576
253 699
253 1483
253 1792
253 2001
253 3418
253 3767
253 4412
254 703
254 879
254 2156
254 2879
255 299
255 409
255 573
255 1313
255 4216
255 4422
256 348
256 632
256 3115
256 4436
257 400
257 1101
257 2136
257 2449
257 4516
257 4647
258 508
258 1362
258 2713
258 4025
259 314
259 2297
259 3319
259 4225
260 1047
260 1194
261 337
261 469
261 521
261 850
261 3000
262 1042
262 1455
262 1618
262 2324
262 2673
262 3581
263 1070
263 1139
263 1421
263 1792
264 387
264 1726
264 3300
264 3328
265 338
265 818
265 1652
265 1695
265 4117
266 364
266 2597
267 995
267 1059
267 1093
267 1163
267 1957
267 2374
267 2429
267 3103
267 3877
268 749
268 1759
268 2264
268 4206
269 294
269 542
269 835
269 3264
270 435
270 1521
270 3916
271 1928
271 4539
272 1667
272 3712
273 313
273 497
273 564
273 3340
274 319
274 425
274 531
274 604
274 1746
274 2236
274 2284
274 4472
275 480
275 580
275 824
275 1438
275 2354
275 4130
276 2231
276 2765
276 4087
276 4189
277 883
277 1462
277 2244
277 2640
277 3833
277 3876
278 316
278 832
278 973
278 1007
278 4611
279 289
279 1181
279 1948
279 2215
279 3534
279 3641
280 629
280 1189
280 1813
280 3115
280 3854
281 291
281 522
281 1102
281 1194
281 1661
281 2556
281 2720
281 3844
282 389
282 2317
282 3295
282 3913
282 4360
283 570
283 700
283 1894
284 486
284 588
284 629
284 769
284 2596
285 339
285 597
285 2365
285 3937
286 392
286 693
286 963
286 983
286 1054
286 1583
287 507
287 558
287 3068
288 328
288 1207
288 2283
288 3391
288 4617
289 795
289 902
289 4506
289 4619
290 606
290 1170
290 3366
290 3793
291 708
291 914
291 1145
291 4068
291 4198
291 4572
292 435
292 1146
292 1147
292 2964
292 3165
292 4245
293 755
293 1500
293 1667
293 1925
293 3614
293 4130
294 341
294 474
294 1414
294 1710
294 3181
295 422
295 524
295 2272
296 563
296 2742
296 4210
297 340
297 1603
297 2299
298 311
298 343
298 798
298 913
298 994
298 1694
298 2090
298 2209
299 520
299 562
299 793
299 1233
299 2352
299 2926
299 3284
299 4258
300 442
300 1396
300 1540
300 2279
300 4115
301 347
301 1271
301 1355
301 2973
302 456
302 719
302 1159
302 1169
302 1369
302 4402
303 409
303 1038
303 1391
303 1654
303 2382
303 2779
303 2938
303 3221
303 4370
304 320
304 539
304 1091
304 2001
305 438
305 472
305 1856
305 2185
305 4282
306 309
306 667
306 937
306 1338
306 1390
306 2376
306 3775
306 4239
307 1573
307 2373
308 712
308 1429
308 1660
308 2404
309 627
309 1039
309 1328
309 3249
310 1674
310 4473
311 916
311 1873
311 2783
312 440
312 638
312 851
313 326
313 1797
313 2403
313 2951
313 3053
313 4465
314 406
314 455
314 953
314 1286
314 2243
314 3034
314 3423
314 3550
315 937
315 2493
316 448
316 799
316 2246
316 3510
316 3993
317 495
317 771
317 785
317 1459
317 2459
318 905
318 2403
318 2475
318 3348
319 501
319 818
319 931
319 3393
320 665
320 1007
320 1213
320 3790
320 4321
321 1022
321 1267
321 2011
321 2808
321 2949
321 3331
321 3531
322 397
322 697
322 795
322 997
322 1033
322 1182
322 3726
322 3848
322 4542
322 4657
323 674
323 1043
323 3741
324 734
324 1689
324 2965
324 3099
324 3999
324 4266
325 479
325 1005
325 1456
325 1902
325 3881
326 995
326 1128
326 1333
326 1934
326 2845
326 3263
327 400
327 436
327 882
327 1678
327 2677
327 2994
327 3027
327 3371
327 3529
328 1639
328 1838
328 2459
328 3159
328 3855
328 3923
329 575
329 878
329 1095
329 1254
329 1453
329 1891
329 2372
330 483
330 605
330 2378
330 4154
331 381
331 561
331 761
331 1353
331 2764
331 3908
332 1877
332 2227
332 3755
332 4564
333 1241
333 1505
333 1995
333 3306
334 509
334 777
334 1004
334 1488
334 1497
334 2994
334 3196
334 3625
334 4054
335 592
335 906
335 1780
335 2229
335 2397
336 401
336 575
336 985
336 1469
336 4125
336 4260
336 4577
337 957
337 1264
337 1752
337 2258
337 3811
338 2018
338 3583
340 1230
340 3007
340 3311
341 852
341 923
341 1540
341 1926
342 793
342 1359
342 1732
342 3679
342 3700
343 433
343 829
343 945
343 1213
343 1725
343 1804
343 2603
343 3919
343 4155
343 4256
343 4526
343 4533
344 451
344 458
344 1077
344 1149
344 3134
345 607
345 1686
345 1794
345 2473
345 3012
345 3980
345 4062
346 383
346 1327
346 1528
346 1765
346 3972
346 4326
347 2573
347 3921
348 1252
348 1611
348 2332
348 3532
348 3591
348 3767
348 3843
349 1300
349 1897
349 2153
349 2890
349 2905
349 4042
350 1345
350 3321
351 613
351 654
351 2536
351 2625
351 3336
351 3655
352 774
352 907
352 1411
353 442
353 1084
354 542
354 939
354 1358
354 1523
354 2305
354 3712
355 467
355 481
355 813
355 1138
355 1237
355 1466
355 2710
356 371
356 543
356 1046
356 1186
356 4237
357 1875
357 1963
358 1047
358 2278
358 2315
358 2604
359 549
359 556
359 681
359 695
359 1150
359 1190
359 1679
359 2476
359 3022
359 3262
359 3711
359 3784
360 413
360 418
360 516
360 1139
360 1368
360 1460
360 2481
360 3739
360 4264
361 452
361 1127
361 1975
361 2566
361 2672
362 1539
362 1676
362 3422
363 377
363 1165
363 1195
363 1491
363 3637
364 842
364 2257
364 2330
365 3017
365 4145
366 596
366 1277
366 1942
366 3037
366 3056
366 3236
366 3420
366 3621
366 4427
367 4618
368 843
368 1117
368 3291
368 3574
369 370
369 631
369 733
369 1670
369 2721
369 3145
369 4024
369 4205
370 604
370 682
370 1614
370 1918
370 2428
370 3998
371 1944
371 2648
372 866
372 1201
372 1322
372 2055
372 4173
372 4638
373 1746
373 2667
373 2783
373 4036
373 4370
374 739
374 1624
374 1910
374 2950
374 3240
374 3265
374 3963
375 532
375 2753
375 3629
375 3860
375 4653
376 666
376 848
376 2221
376 3195
376 3504
377 405
377 589
377 911
377 921
377 1736
377 4268
378 1313
378 1549
378 4255
379 385
379 4254
380 634
380 820
380 2779
380 4419
381 887
381 974
381 2047
381 2578
382 1317
382 2910
383 1087
383 2248
384 582
384 1447
384 1839
384 2193
384 3187
384 4301
385 417
385 949
385 1146
385 1572
385 1751
385 4045
386 2481
386 3490
387 1215
387 1896
388 1598
389 1272
389 2172
389 2620
389 4156
390 1318
390 1715
390 3522
390 4657
391 623
391 669
391 1014
391 1835
391 2646
391 2658
391 2999
391 4283
392 661
392 867
392 1398
392 2569
393 694
393 1872
393 2259
393 2492
393 2577
393 3154
393 3984
394 1361
394 1467
394 2569
394 2919
394 3337
395 724
395 4459
395 4621
396 736
396 1368
397 3396
397 3562
398 1651
398 1731
398 3091
398 3455
399 2069
399 2074
399 2374
400 778
400 1996
400 2065
400 2597
400 3283
400 4110
401 718
401 3027
401 4121
402 577
402 801
402 1000
402 1381
402 2265
402 2356
403 519
403 984
403 3660
404 1068
404 3349
405 637
405 1060
405 2911
406 1614
406 1826
406 1906
407 420
407 599
407 753
407 1476
407 3285
407 3732
408 894
408 1104
408 1296
408 1707
409 424
409 453
409 650
409 1828
409 2363
409 2517
409 2885
410 897
410 1662
410 2051
410 2655
410 3007
411 762
411 1468
412 586
412 1162
412 2854
412 3017
413 853
413 1367
413 1833
413 4307
414 419
414 3397
415 1970
415 4303
416 450
416 1023
416 1633
417 504
417 2734
417 3115
417 3462
417 3503
417 4235
418 3136
418 4398
419 935
419 2162
419 2508
420 1271
420 1798
420 2010
420 2050
420 3315
421 568
421 685
421 2998
421 3869
421 4428
422 971
422 2215
422 2463
422 2981
422 3222
422 4512
423 1299
423 1512
423 2133
423 3498
424 581
424 1659
424 2109
424 2646
425 513
425 759
425 1026
425 1842
425 2268
425 3008
426 481
426 880
426 1159
426 1956
426 2204
426 2802
426 2914
426 3425
427 637
427 1441
427 3171
427 4581
428 1683
428 2499
429 855
429 876
429 958
429 961
429 1015
429 1219
429 1847
429 3553
430 738
430 1843
430 2127
430 4555
431 493
432 446
432 558
432 656
432 1449
432 1760
432 2715
432 3415
432 4243
432 4492
433 760
433 1337
433 1360
433 2332
433 3032
433 4438
434 1586
434 2302
434 3331
434 4184
435 536
435 2076
435 2204
435 2871
435 3604
435 3615
435 4000
435 4417
436 2024
436 2144
436 2543
436 2622
436 2740
436 2806
437 1016
437 3863
438 550
438 624
438 796
438 1507
438 2082
438 2403
438 3346
439 601
439 640
439 696
439 831
439 1086
439 3254
440 740
440 1036
440 1507
440 1882
440 4310
441 2092
441 3721
442 2839
442 4418
443 497
443 1748
443 2490
443 3044
444 793
444 2561
445 989
445 2395
445 2632
445 2732
445 3770
445 3799
445 3968
445 4552
446 519
446 1539
446 2960
446 3460
447 787
447 1883
447 1963
447 2198
447 3043
447 3457
447 3954
448 693
448 1120
448 1156
448 2469
448 3340
449 545
449 873
449 1135
449 4216
450 680
450 2673
451 512
451 534
451 621
451 4113
451 4321
452 742
452 1203
452 3119
452 3336
453 687
453 1508
453 1580
453 3310
454 514
454 579
455 651
455 997
455 1058
455 1602
455 1629
455 3670
456 2029
456 4150
457 834
457 1189
457 1631
457 1839
457 4191
457 4452
458 650
458 1526
458 1793
458 1980
458 4017
458 4206
458 4323
459 1757
459 2766
459 2807
459 2957
459 3632
460 541
460 999
460 1020
460 3622
460 3656
461 1240
461 1378
461 1510
462 583
462 1960
462 2000
462 3205
462 3213
463 1006
463 1324
463 1722
463 4001
464 795
464 1038
464 2241
464 2506
464 2601
464 3270
464 3454
465 590
465 627
465 1335
465 4132
465 4614
466 841
466 1437
466 3568
467 622
467 909
467 1756
467 2005
467 2068
467 3502
467 4037
468 526
468 2916
468 3043
469 595
469 975
469 1944
469 2233
469 2345
469 2659
470 482
470 617
470 692
470 3724
471 2386
471 2847
471 3999
472 2136
472 3016
473 1236
473 1867
474 624
474 1951
475 920
476 484
476 900
476 1127
476 1155
476 2763
476 3678
476 4148
477 1021
478 4609
479 651
479 1197
479 2746
480 1846
480 2935
481 650
481 2035
481 2577
481 2729
481 4083
482 743
482 1344
482 1386
482 2614
482 4042
483 865
483 1646
483 2980
484 1140
484 2294
484 2502
484 3056
484 3837
485 830
485 3361
485 3842
486 1279
486 1423
486 2740
486 3520
487 499
487 1210
487 2651
488 503
488 645
488 902
488 2189
488 2298
488 3537
489 658
489 692
489 2399
489 2894
490 1126
490 2208
490 3222
490 4637
490 4641
491 904
491 1277
491 2807
491 3046
492 1576
492 4640
493 506
493 1131
493 2023
493 2843
493 3540
493 4051
493 4328
494 2086
494 2819
495 1045
495 1486
496 612
496 1596
496 2607
496 2931
497 528
497 4327
498 994
498 1558
498 1867
498 2480
498 3350
498 4563
499 591
499 3173
500 515
500 775
500 3203
500 3918
501 578
501 3625
501 3775
502 4176
503 512
503 959
503 1093
503 2625
503 3410
503 3555
503 4390
503 4509
504 529
504 2095
504 2326
504 2784
505 923
506 603
506 723
506 2546
506 4035
507 527
507 1130
507 2051
507 3620
508 812
508 840
508 1040
509 755
509 1721
509 1994
509 4465
510 1106
510 1470
510 1930
510 2574
511 727
511 845
511 1050
511 1220
511 2961
511 4415
511 4636
512 2988
512 3139
513 758
514 889
514 1429
514 2546
514 3336
514 4046
515 1548
515 2061
515 3255
515 4646
516 1527
516 1538
516 1660
516 3184
517 980
517 989
517 1794
517 1806
517 2993
517 3021
518 754
518 1255
518 1303
519 1329
520 2194
520 2441
520 4403
521 581
521 716
521 859
521 1556
521 1845
521 3200
522 1810
522 2903
523 528
523 556
523 773
523 842
523 1398
523 1774
523 2517
523 4250
524 1865
524 2572
524 3651
525 1223
525 2108
525 2361
525 2830
525 3274
526 565
526 2267
526 3063
527 587
527 2610
527 3441
528 895
528 1371
528 2692
529 815
529 1403
529 1498
529 1620
529 2414
529 2811
529 3704
529 4027
530 714
530 1064
530 2804
530 2979
531 650
531 1589
531 2370
531 3342
531 3855
531 4138
532 970
532 1043
532 1044
532 1045
532 1580
532 2195
532 3058
532 3787
533 714
533 912
533 1638
533 1765
533 2580
534 1248
534 1567
534 2539
534 3597
534 4338
535 702
535 814
535 970
535 1050
535 1735
535 1967
535 2261
535 4342
536 833
536 1268
536 2497
536 2771
536 3334
537 1464
537 2881
537 3015
537 3022
538 1830
538 3537
538 3864
538 4085
539 1320
539 1323
539 2961
539 3805
539 4359
540 731
540 1403
540 1870
540 1962
540 2281
540 2519
540 3332
541 1794
541 2560
541 2826
541 3078
541 3581
541 4367
542 956
542 1030
542 1309
542 3073
542 4213
542 4600
543 674
543 920
543 1218
543 1276
543 2132
543 2571
543 2882
543 4601
544 4002
545 557
545 1132
545 1547
546 1779
546 2121
546 2870
546 4039
547 598
547 1710
547 3914
547 4264
547 4631
548 868
548 2424
548 2599
548 3459
548 3682
548 3960
548 4577
549 584
549 618
549 765
549 776
549 1903
549 3091
549 3854
549 3885
550 766
550 1129
550 1325
550 1426
550 1599
550 2386
550 2899
550 4156
551 559
551 631
551 927
551 1442
551 1513
551 1790
551 2099
551 2239
551 2521
551 3272
551 4019
551 4144
552 684
552 1809
552 3599
553 1116
553 2856
553 3036
553 3307
553 3471
553 3822
553 3949
554 938
554 3955
554 4009
554 4136
555 3927
555 4181
556 1915
556 2931
556 4505
556 4599
557 1150
557 3913
558 676
558 2294
558 2315
558 3067
558 3227
559 740
559 811
559 929
559 3117
560 608
560 1682
560 2797
561 1477
561 4494
562 1539
562 3783
563 1088
563 1121
563 1533
563 3898
563 3917
564 1412
564 1451
565 1380
565 2122
565 2650
565 3815
566 704
566 871
566 908
566 1563
566 3495
566 4112
567 1566
567 2243
567 2682
567 3808
568 1175
568 2013
568 2581
568 3070
568 3849
568 4645
569 2026
569 2489
569 2814
569 3161
570 694
570 1546
570 4385
572 1100
572 2462
572 3422
573 1089
573 1576
573 2399
573 4295
574 1432
574 2436
574 3308
575 1122
575 2080
576 675
576 1277
576 2052
576 2794
576 2796
576 3156
577 914
577 937
577 1853
578 1556
578 1821
578 2206
578 3689
579 611
579 2325
579 2833
579 3152
580 846
580 950
580 2549
580 3081
580 4435
581 987
581 4357
582 730
582 737
582 3993
583 1501
583 2339
583 2521
583 4299
584 971
584 2546
584 3493
585 886
585 1399
585 3623
587 853
587 4309
587 4375
587 4444
588 4324
589 2729
589 2791
590 837
590 1908
590 2086
590 2319
590 3493
591 609
591 2511
591 3233
592 4068
593 2955
594 978
594 3826
594 4205
594 4382
595 1427
595 1737
595 1762
595 1879
595 2147
595 2624
595 2668
596 1774
596 3842
596 4283
597 1301
597 1667
597 1827
597 2892
597 3592
597 3617
597 3643
597 4043
598 1015
598 1084
598 2099
598 2442
598 2612
598 2706
598 3161
598 3530
599 1734
599 2155
599 2400
599 3783
600 779
601 746
601 1615
601 2314
601 2525
601 3010
602 1211
602 1640
602 3389
602 3858
603 693
603 1193
603 1245
603 1292
604 868
604 1094
604 1837
604 2931
604 3661
605 626
605 922
605 1588
605 4469
606 986
606 1869
606 2578
606 2658
606 2703
606 3580
606 4634
607 648
607 1978
608 729
608 2418
608 3665
609 1278
609 1450
609 1991
609 2679
609 3471
609 4349
609 4504
610 1736
611 1557
611 1571
611 1657
612 1044
612 1346
612 2567
612 2893
612 3454
612 3559
612 4377
613 2058
613 4477
614 665
614 706
614 1355
614 1610
614 1710
614 2160
614 3545
614 4065
615 639
615 705
615 1432
615 1439
615 1529
615 2497
615 2980
616 1803
617 715
617 3146
617 4389
618 1179
618 1541
620 1015
620 1430
620 4627
621 715
621 2175
621 3778
622 707
622 1627
622 3860
623 797
623 1034
623 3054
623 3131
624 677
624 845
624 1274
624 2372
624 2927
625 629
625 954
625 1529
625 2174
625 3797
625 3985
626 796
626 1731
626 2675
626 3020
626 4142
626 4259
626 4513
627 3564
627 4278
628 755
628 1192
628 1633
628 1966
628 2472
629 1268
629 2203
629 2273
629 3411
629 4209
629 4520
630 686
630 767
630 1398
630 2362
630 3250
631 1028
631 1305
631 2925
631 3329
632 1149
632 1884
632 4581
633 642
633 2623
633 3093
633 3489
633 4048
634 894
634 1659
634 1941
634 2201
634 3077
634 3233
634 3297
635 664
635 2212
636 915
636 1431
636 2035
636 3011
637 855
637 918
637 1184
637 1458
637 3062
638 2805
638 3651
638 4375
639 1725
639 3494
639 3550
639 3654
639 4489
640 1041
640 1752
640 1883
640 2124
640 2264
640 2312
640 3491
640 4484
641 1677
642 838
642 2291
643 683
643 756
643 832
643 1969
643 3480
643 3755
643 3985
643 4320
644 2499
644 2709
644 3452
645 1896
645 2767
645 3132
645 3238
645 3793
647 1668
647 1822
647 2007
647 2046
647 3434
647 3831
648 3912
648 4462
649 780
649 1185
649 3196
649 3550
649 4302
650 1995
650 4105
651 738
651 940
651 1141
651 1202
652 982
652 1247
652 2217
652 2438
652 2964
652 3518
652 4434
653 728
653 1119
653 1360
653 3279
654 1212
654 1372
654 1581
654 3523
654 4052
655 764
655 1231
655 2945
655 3765
655 4478
656 671
656 715
656 2022
656 2287
656 2636
656 3294
656 4027
657 1441
657 2727
658 783
658 1114
658 2519
658 2663
658 4247
659 1711
659 2152
659 2196
659 2340
659 2520
659 2785
659 3348
660 701
660 1180
660 2512
660 3015
660 3409
661 720
661 2382
662 1166
662 2654
663 2750
663 2966
664 1351
664 1520
664 1986
664 3380
664 4066
665 678
665 781
665 1565
665 3771
666 1714
666 2634
666 3278
667 1379
667 3346
667 4544
668 2877
668 3091
669 2913
669 3246
669 3318
669 4124
670 2741
670 3899
671 875
671 1037
671 2736
671 3346
671 3375
671 4032
672 824
672 2078
673 802
673 907
673 948
673 1847
673 1898
673 2407
673 2687
673 3784
674 711
674 4017
675 2941
675 4517
676 955
676 1559
676 2836
676 3980
677 1845
677 2024
678 990
678 1078
678 1208
678 1270
678 1421
678 1636
678 2426
678 2491
678 3087
679 754
679 1072
679 1161
679 2252
679 2434
679 4532
680 1700
680 2905
680 2921
680 4575
681 1674
681 2527
681 3501
681 3984
681 4499
682 800
682 2082
682 2279
682 3685
683 1800
683 2996
683 3384
683 3426
683 3899
684 1161
684 2192
684 2778
684 3455
684 4410
685 781
685 2260
685 2641
685 2985
685 3219
686 1247
686 2551
686 2956
687 1215
687 1626
687 2047
687 2184
687 2381
687 2571
687 3653
687 4136
688 1562
688 2417
688 2903
688 4382
689 890
689 1178
690 854
690 2378
690 2470
691 1400
691 1429
691 1743
691 1878
691 3395
691 4541
692 1258
692 1984
693 3636
693 3639
693 4450
694 1100
694 1290
694 1618
694 2610
694 2703
694 2953
695 1192
695 2211
695 2556
695 3985
696 1304
696 1657
696 3030
696 4281
696 4626
697 782
697 1164
697 1576
697 3700
698 2179
698 2542
698 3024
698 3796
699 741
699 4058
700 1022
700 1251
700 2047
701 1663
701 1747
701 1909
701 2498
702 1599
702 2401
702 3753
703 893
703 2790
704 1112
704 1270
704 1331
704 1401
704 1575
705 922
705 1143
705 1496
705 1563
705 1724
705 4311
705 4654
706 1304
706 3955
707 709
707 1520
707 1530
707 4618
708 1655
708 1881
708 1996
708 2074
708 3515
710 942
710 1211
711 2107
711 2154
711 2187
711 3890
711 4228
712 2470
712 2503
713 4079
713 4265
714 1536
714 1926
714 2941
714 3146
714 4087
715 786
715 2841
715 3649
716 1495
716 2737
716 2926
717 812
717 972
717 1001
717 1222
717 2479
717 2687
717 4595
718 761
718 809
718 2383
718 4120
718 4150
718 4206
719 1234
719 1320
719 2396
720 1144
720 3590
721 1394
721 2467
722 952
722 2608
723 2896
724 807
724 1085
724 3008
724 3259
724 3448
724 4486
725 844
725 2106
725 2272
725 3039
725 3917
726 1137
726 1626
726 2184
726 2570
726 2797
726 4126
727 1630
728 962
728 1041
728 1873
728 2133
728 2698
728 3371
728 4094
729 757
729 836
729 1222
729 2281
729 2718
730 912
730 1086
730 1188
730 2324
730 2515
731 873
731 1690
731 2664
731 2785
731 3343
731 4409
732 864
732 1126
732 1806
732 1899
732 2640
732 3409
732 3582
732 4015
732 4069
732 4490
733 1025
733 1834
733 2439
734 850
734 1080
734 1142
734 1263
734 1608
734 1948
734 3238
734 3798
734 4277
735 1109
735 1749
736 2566
736 2879
736 4002
737 774
737 881
737 1300
737 1568
737 1880
737 2529
738 817
738 1288
738 1474
738 2004
738 3428
739 1928
739 2730
739 3251
739 3461
739 4066
740 829
740 855
740 1185
740 4030
740 4082
741 764
741 1495
741 4391
742 2346
743 1511
743 1958
743 3168
743 4152
743 4204
744 952
744 1635
744 2548
745 2106
745 2761
745 3808
745 3865
745 4258
746 2209
746 2358
747 788
747 1173
747 3116
748 1621
748 1638
748 1773
748 2273
748 2792
749 2824
750 751
750 825
750 927
750 1767
751 1422
752 2161
752 2951
753 1003
753 1632
753 1850
753 1900
753 2213
753 2341
753 2868
753 2918
753 2986
753 3893
753 4272
753 4613
754 1478
754 3439
754 3838
754 4031
754 4630
755 951
755 1899
755 4026
756 956
756 1244
756 1316
756 3865
756 4528
757 917
757 2167
757 2927
757 3510
758 803
758 858
758 874
758 3267
758 4241
759 801
759 1314
759 3310
760 1434
760 1479
760 1750
760 3566
761 1637
761 2730
761 3135
761 4323
762 1062
762 1427
762 1487
762 1513
762 1820
762 4131
763 764
763 1404
763 1907
763 2528
763 3144
763 3740
763 3988
764 1709
764 1897
764 3285
765 976
765 1175
765 1453
765 1712
765 2186
765 2498
765 2858
765 4510
766 973
766 1551
766 1668
766 2127
766 2859
767 822
767 1352
767 4062
768 1236
768 1253
768 1772
768 2085
768 4405
769 1200
769 3128
769 3862
770 2010
770 2690
770 3114
770 3725
770 4291
771 1535
771 3305
772 2692
772 3085
774 1032
774 1191
774 1369
774 1860
774 2242
774 2609
774 3630
774 3806
775 1233
775 2032
776 1777
776 2063
776 2759
776 3308
776 3402
777 947
777 962
777 1946
777 3283
777 3323
777 3974
778 930
778 1791
778 2793
779 928
779 3400
780 2090
780 3189
780 3628
780 4562
781 1315
781 1655
782 1380
782 3204
782 3223
782 4010
783 1082
783 1108
783 2016
783 2964
783 3657
783 4185
784 1101
784 1404
784 3175
784 3348
785 1499
785 1703
785 1728
785 3290
785 3467
785 4377
786 954
786 1098
786 1155
786 2912
786 3579
787 2941
787 3112
787 3169
787 4217
788 1014
788 2000
788 2255
789 827
789 1917
789 2480
789 2994
790 870
790 1014
790 1227
790 1793
790 2804
790 3266
791 851
791 924
791 1054
791 1375
791 1503
791 3403
791 3900
791 4439
792 903
792 1338
792 2181
792 2366
793 1312
793 2288
793 4258
794 925
794 1375
794 2828
794 3241
795 1115
795 1136
795 1592
795 2166
795 2344
795 2606
796 2731
796 4325
797 2696
797 2714
797 2731
797 3225
797 3507
797 3737
797 4075
797 4578
798 1013
798 4457
799 823
799 2365
799 4380
800 4000
800 4602
801 816
801 1198
802 2084
802 3462
802 3706
802 3721
803 915
803 1942
803 2140
803 2891
803 3607
804 1193
804 1282
804 2180
804 2401
804 3938
804 4254
805 3140
805 3803
805 4586
806 1865
807 883
807 4441
808 1079
808 1348
808 1753
808 1757
808 2357
808 2621
808 3651
809 2226
809 2394
809 2699
809 3935
810 1176
810 1420
811 1042
811 1412
811 1719
811 2220
811 3602
812 1481
813 939
813 1263
813 1377
813 1545
813 3208
814 1063
814 1306
814 2664
814 2845
814 2935
814 3741
815 931
815 1034
815 3183
816 1371
816 2164
816 4462
817 2795
817 3648
818 1092
818 1617
818 1743
818 2150
818 2823
819 1686
819 1913
819 2371
819 2495
819 2709
819 3279
820 999
820 1061
820 1356
820 1532
820 1912
820 2705
820 2717
820 2969
821 3297
822 872
822 1313
822 1418
822 1902
822 2128
822 2437
822 3703
822 3900
822 4270
823 894
824 3201
825 1413
825 2033
825 2295
825 3974
826 830
826 966
826 1461
826 1487
826 1700
826 1754
826 2692
826 4031
827 1035
827 1579
827 2256
827 3345
827 4021
827 4113
828 1048
828 1202
828 1591
828 2144
828 2563
828 3813
829 1192
829 1801
829 3507
830 2801
830 3313
830 3913
830 4087
831 951
831 2176
831 2204
831 4538
831 4602
832 3263
833 1382
833 1450
833 2308
834 2635
834 3680
834 4092
834 4607
835 1209
835 2158
836 1206
837 1158
837 3915
837 4282
838 1273
838 1515
838 1584
838 1664
838 4290
838 4617
839 983
839 1335
839 1836
839 3035
839 4313
840 4190
840 4294
840 4493
841 884
841 1402
841 2618
842 1963
842 2269
842 2552
842 3199
843 1096
843 1248
843 1781
843 3865
843 4353
843 4631
844 3882
844 4269
845 884
846 1658
846 2121
846 2454
846 2799
846 3806
847 908
847 1231
847 1333
847 2057
848 1195
848 1389
848 3155
848 3880
848 4197
849 4066
850 1175
851 1002
851 2220
851 3996
851 4604
852 1752
852 1936
853 1443
853 1789
853 3190
854 2633
854 3368
854 4529
855 4124
856 2939
856 3676
856 3955
856 3994
857 1340
857 1590
857 1814
858 1103
858 1866
858 2129
858 3721
859 941
859 1229
859 1387
859 2170
860 2334
860 3101
860 3487
861 1634
861 1804
861 2295
861 2644
861 4027
861 4132
862 1266
862 2028
862 2312
862 2871
862 2995
863 1368
863 1922
863 1938
863 2265
863 2510
863 2851
865 904
865 969
865 2975
865 4132
866 2496
866 2710
867 908
867 1364
867 1534
867 2336
867 2921
867 3679
867 4308
868 3060
869 950
869 2125
870 4656
871 935
871 996
871 1068
871 1849
871 2411
871 3129
871 3553
871 3808
871 4452
872 1212
872 1884
872 4436
873 1083
873 1819
873 2224
873 2266
874 2943
874 3174
875 1181
875 1290
875 2244
875 3907
875 4439
876 1990
876 2213
876 3386
876 3454
876 4355
877 1161
877 1976
877 3776
878 1701
878 2656
879 1699
879 3160
879 3476
879 3601
880 2272
880 4017
881 3137
881 3682
881 4183
882 2573
882 2679
882 2757
882 2859
882 2915
882 3677
883 1263
883 1608
883 2088
883 3448
883 3879
883 4132
884 2243
884 3394
885 3724
885 4010
886 901
886 1991
887 1078
887 1161
887 1476
887 1559
887 2537
887 3704
888 1697
888 1744
888 2142
888 2211
888 2509
888 3560
888 4651
889 1266
889 2693
889 3149
889 3443
890 1898
890 2127
890 2207
890 3508
890 3827
890 3852
890 4386
891 1366
891 2349
891 3573
892 1850
892 2544
892 3212
892 4122
894 1183
894 2229
894 3610
894 4532
895 912
895 1349
895 2789
895 2821
895 4149
896 1330
896 1901
896 2446
896 3871
896 4018
897 1228
897 1943
897 2416
898 899
898 943
898 1076
898 2543
898 3495
898 4420
899 1185
900 1321
900 2033
900 2212
900 2314
901 2492
901 4492
902 1839
902 1884
902 1964
902 1970
902 2362
902 2768
903 1689
903 3097
903 3347
903 4117
903 4257
904 1448
904 2342
904 3363
904 3386
904 3563
906 1625
906 2223
906 2370
907 1057
907 1440
907 2382
908 1069
908 2070
908 2272
908 2675
908 3475
908 4472
908 4622
909 1614
909 1790
909 2038
909 2039
909 2328
909 2828
909 3104
909 3137
909 3575
910 1118
910 3747
910 4097
911 2349
911 3910
912 1318
912 2479
913 1090
913 1490
913 1554
913 2062
913 2493
913 3604
913 3626
913 4528
914 1216
914 2421
914 2988
915 2045
915 2150
916 3432
916 4098
917 973
917 2041
917 2260
917 3743
917 4503
918 968
918 2163
919 1357
919 4237
920 2353
920 2774
920 3151
920 4573
921 1212
922 928
922 2265
922 3111
923 1222
923 2178
923 2211
923 3777
923 4297
924 1242
924 2574
924 3821
924 4344
925 1027
925 1681
925 2592
926 1049
926 2729
926 3901
927 2768
927 4186
927 4370
927 4476
928 1440
928 2043
928 3542
928 3696
929 4168
930 1953
930 2612
930 3055
930 3329
930 3919
931 3793
932 2284
932 4187
933 1738
933 1857
933 4514
934 1472
934 1914
934 2968
935 1868
935 4042
936 2884
936 3901
936 4377
937 1602
937 1666
937 2765
937 4287
938 1382
938 2800
939 1118
939 1644
939 2591
939 3016
940 1537
940 2037
940 2989
941 1990
941 2557
941 2652
941 2769
942 2206
942 2303
942 2492
943 966
943 1166
943 1798
943 2503
943 3105
944 1038
944 1075
944 1301
944 1303
944 4235
945 1974
945 3874
945 3877
946 1052
946 2444
946 3399
946 3587
946 3728
947 2122
947 3081
947 3655
947 4044
948 998
948 1029
948 1983
948 2701
948 3480
948 4261
949 1641
949 2118
949 2355
949 2448
949 4584
950 1479
950 1871
950 3575
950 4554
951 3012
951 3876
951 4379
952 1322
952 2379
952 2602
953 1569
953 3144
953 3257
953 3620
953 4542
954 1112
954 1360
954 2897
954 3500
955 1540
956 3171
956 3647
957 2133
957 2523
957 2666
957 4053
957 4222
958 2452
960 1128
960 1420
960 1972
960 2362
960 2808
961 1699
961 2014
961 2796
961 2990
961 3572
961 4646
962 4343
963 1643
963 2430
963 4233
963 4282
964 1209
964 1307
964 1617
964 2872
964 3043
964 3260
965 1167
965 1672
965 2376
965 2887
965 3603
966 1010
966 1124
966 2571
966 3012
966 3214
966 4169
967 1650
967 1682
967 3763
967 4334
968 1409
968 1734
968 2523
968 4166
969 1303
969 2733
969 4130
969 4508
970 1520
970 4048
970 4360
971 1492
971 1795
971 2358
971 2862
972 1342
972 3025
973 1425
973 2165
973 3449
974 1606
974 2072
974 3456
974 3715
975 1345
975 2759
975 3525
975 4523
976 1174
976 3216
976 3365
976 3450
977 1702
977 2270
978 1144
978 1159
978 2433
978 3235
978 3316
978 3437
978 4054
979 1613
979 1920
979 2706
979 3057
980 1839
980 2935
980 3403
981 1097
981 1238
981 2791
981 3102
982 1034
982 1110
982 1510
982 3640
982 4617
983 1295
984 1844
984 2063
984 2236
984 3744
984 3795
985 1676
985 1717
985 3351
985 3451
985 4403
985 4509
985 4570
986 1560
986 1879
986 1995
986 2421
987 991
987 2445
988 1261
988 1939
988 4275
988 4603
989 1366
989 1958
989 3505
989 4471
990 3027
990 3076
991 1126
991 1253
991 2423
991 2797
991 4401
992 1111
992 1451
992 3613
992 3949
993 3080
993 4323
993 4528
994 1406
994 2765
994 3063
995 1361
995 3224
995 3659
996 1334
996 2084
996 2756
997 1184
997 2244
997 4616
998 1060
998 1673
998 2237
998 2515
999 1960
999 2972
999 3229
999 4007
999 4142
1000 2053
1000 2581
1000 3942
1001 1308
1001 1488
1001 1950
1002 1690
1002 3208
1002 3921
1002 4274
1002 4485
1003 1748
1004 1151
1004 4522
1005 1285
1005 1726
1005 1907
1005 3761
1005 3851
1006 1433
1006 1483
1006 2021
1006 3961
1007 1128
1007 1144
1007 1931
1007 2812
1008 1147
1008 2381
1008 3072
1008 3612
1008 3901
1009 1204
1009 1232
1009 3541
1009 4308
1010 3591
1010 3929
1011 1439
1011 1855
1011 2318
1011 3100
1011 3288
1011 3646
1011 4115
1012 2863
1012 3095
1012 3180
1012 3816
1013 2607
1013 3017
1013 3748
1013 3821
1014 3992
1014 4582
1015 1150
1015 2016
1016 1080
1016 1206
1016 1841
1016 2115
1016 2530
1016 2777
1016 3510
1016 3709
1016 3789
1016 4415
1017 3871
1017 4379
1017 4553
1018 1587
1018 2514
1018 3237
1018 3406
1019 1825
1019 2068
1019 3152
1019 3176
1019 3846
1020 2044
1020 3983
1020 4353
1021 1095
1021 3094
1021 3117
1021 3442
1021 3676
1021 4113
1021 4146
1021 4361
1022 2802
1022 3790
1022 4433
1023 3090
1023 3499
1024 1106
1024 1652
1024 2751
1024 2891
1024 3170
1024 4025
1025 2444
1025 3090
1025 3092
1026 2154
1026 2355
1026 2518
1026 3273
1026 4404
1027 2906
1028 1113
1028 1350
1028 1672
1028 2495
1028 4441
1029 2175
1029 3680
1030 1513
1030 1607
1030 1729
1030 2477
1030 2992
1031 2282
1031 3216
1032 1586
1032 4263
1033 1223
1033 1274
1033 1764
1033 3717
1034 1480
1034 2422
1034 4093
1034 4257
1034 4450
1035 1273
1035 1898
1035 2012
1035 2294
1035 2343
1036 2192
1036 2593
1036 4091
1037 1387
1037 1460
1037 3204
1037 4278
1038 1609
1038 2028
1038 2626
1038 4518
1039 1688
1039 2645
1040 1196
1040 3459
1041 1644
1041 2083
1041 2636
1041 2916
1041 4143
1042 1863
1042 2600
1042 3056
1043 1840
1043 2198
1043 2567
1043 4059
1043 4351
1044 2197
1044 2646
1044 2902
1044 4413
1045 2122
1046 2460
1046 3699
1047 1549
1047 1817
1047 1859
1047 4089
1047 4291
1048 3360
1049 3027
1049 3501
1049 3962
1050 2072
1050 2104
1050 2243
1050 3001
1051 1138
1051 1516
1052 1334
1052 2607
1052 3457
1053 1265
1054 1821
1054 2613
1055 1455
1055 1689
1055 1826
1055 2608
1055 2748
1055 2927
1055 3494
1055 3515
1055 3769
1056 2372
1056 2764
1056 3611
1057 1419
1057 1452
1057 2528
1058 1352
1058 2700
1059 1574
1059 2285
1059 2661
1059 3684
1059 4204
1060 2123
1060 2216
1061 2915
1062 3258
1062 4157
1063 1168
1063 1985
1063 2250
1063 2858
1064 1381
1064 1684
1064 2729
1064 2922
1064 3061
1064 4619
1065 1740
1065 1792
1065 1808
1065 2408
1065 3372
1065 3480
1065 4230
1065 4304
1066 1543
1066 1719
1066 3129
1067 2414
1067 4520
1068 3406
1069 1988
1069 2736
1069 3016
1069 3986
1070 1339
1070 1386
1070 2627
1071 1183
1071 1832
1071 1986
1072 2649
1073 1463
1073 1742
1073 3299
1074 1974
1074 2777
1074 3282
1074 3837
1075 2540
1075 3009
1075 3590
1076 1105
1076 2861
1077 1172
1077 2674
1077 3098
1078 1158
1078 2402
1078 2466
1078 2686
1078 2776
1078 3300
1078 4403
1079 2315
1079 4322
1080 2510
1080 4068
1081 4435
1081 4610
1082 2034
1082 2194
1082 2450
1083 1981
1083 2550
1083 3287
1083 4583
1084 1125
1084 2603
1084 2836
1085 1656
1085 2038
1085 3496
1085 4280
1085 4523
1086 2400
1086 2416
1087 1565
1087 1714
1087 1785
1087 2798
1087 3893
1087 4256
1088 2678
1088 2720
1088 3387
1089 1786
1089 2275
1089 3250
1090 3267
1090 3615
1091 2460
1091 2648
1091 3093
1091 3163
1092 1133
1092 3006
1092 3246
1093 1706
1093 2135
1093 2151
1093 3275
1093 3870
1094 1604
1094 2163
1094 3882
1095 1776
1095 2974
1096 1341
1096 1400
1097 2832
1099 1763
1099 2692
1099 3814
1100 1622
1100 3865
1100 4442
1101 2559
1101 2635
1101 3112
1101 3607
1102 1890
1102 2791
1102 3138
1102 3908
1102 4141
1103 2863
1103 3317
1105 2458
1105 2886
1105 3226
1105 3907
1106 1275
1107 3232
1108 1332
1108 2704
1109 2927
1109 3669
1110 1148
1110 3120
1111 2048
1111 2978
1111 3614
1111 3707
1111 3715
1112 4199
1112 4378
1112 4449
1113 3107
1113 4061
1114 1311
1114 3124
1115 2637
1115 3033
1115 3313
1115 4496
1117 3059
1117 3929
1117 4057
1118 1235
1118 3337
1119 3844
1120 1256
1120 1793
1120 2116
1120 2281
1120 2465
1121 2459
1121 3081
1121 3859
1121 4652
1122 1840
1122 2617
1122 4191
1122 4629
1123 1667
1123 2822
1124 3601
1124 3844
1124 4315
1124 4451
1125 1284
1125 2634
1125 2822
1125 4300
1126 3619
1127 2030
1127 2726
1127 3291
1127 4100
1128 2059
1128 2633
1128 3774
1128 4501
1129 1494
1129 1561
1129 3765
1130 1378
1130 2711
1130 3220
1130 3483
1130 3512
1131 2132
1131 4095
1132 2728
1132 2731
1133 1336
1133 2384
1133 2743
1134 1274
1134 2812
1134 4135
1134 4261
1135 2330
1135 2683
1135 3320
1135 4123
1135 4313
1136 1634
1136 2681
1137 3291
1138 3620
1138 4393
1139 1376
1139 4434
1140 1347
1140 1634
1140 2416
1140 3935
1141 1673
1141 2414
1141 3833
1142 1686
1142 4513
1143 1613
1143 2004
1143 2193
1143 4652
1144 1622
1144 1681
1144 3303
1145 1325
1145 2473
1145 2877
1145 3644
1145 3827
1145 3991
1146 1241
1146 2330
1146 3742
1147 2826
1147 3764
1147 3776
1147 4320
1148 3585
1148 3848
1149 1177
1149 1552
1149 2398
1150 1187
1150 2262
1150 2495
1150 4628
1151 1933
1151 2477
1152 1397
1152 2039
1152 2352
1153 1766
1153 2306
1153 3240
1155 1326
1155 3137
1157 1979
1157 2243
1157 2411
1157 2992
1157 3218
1157 3302
1158 1204
1158 1961
1158 2245
1158 2370
1158 2533
1159 2377
1159 3277
1159 3331
1159 4295
1160 1392
1160 1513
1160 1596
1160 1804
1160 2016
1160 2455
1160 2604
1160 3570
1161 2474
1161 2535
1161 2582
1161 3402
1161 3546
1162 1199
1162 1991
1162 3050
1163 1250
1163 3018
1163 3702
1163 4479
1164 1170
1164 1464
1164 1608
1165 1941
1165 2723
1165 2942
1165 3467
1166 1665
1166 1856
1166 3058
1166 3108
1166 3632
1167 2364
1167 3381
1168 1727
1168 2217
1168 3103
1169 1351
1169 2203
1169 3621
1170 1283
1170 1353
1170 3581
1171 1407
1171 1506
1171 1597
1171 2140
1171 2695
1171 3982
1172 1343
1172 1598
1172 2219
1172 2262
1172 2319
1172 3092
1173 1197
1173 1461
1173 2040
1173 2153
1173 2684
1173 2952
1173 3484
1173 4253
1174 1200
1174 3069
1174 4482
1175 1853
1176 1702
1176 2778
1176 3368
1176 4428
1177 2723
1177 2880
1177 4332
1178 2156
1178 2167
1178 3665
1178 4652
1179 2188
1179 2337
1179 2456
1179 4446
1180 1687
1180 1977
1180 2425
1180 3771
1180 4604
1181 3335
1182 1334
1182 1833
1182 3339
1182 3662
1182 4056
1182 4080
1183 1239
1183 3055
1184 4042
1184 4240
1185 2588
1186 1718
1186 3118
1186 3577
1187 2275
1187 2303
1187 2508
1187 3570
1188 1647
1188 2575
1188 2798
1188 4542
1189 1980
1189 2421
1189 4568
1190 2130
1190 2353
1190 3752
1190 4116
1191 2423
1191 4176
1192 1207
1192 1748
1192 2272
1192 3625
1192 3975
1193 1394
1193 2627
1193 2972
1194 1595
1194 2786
1194 2802
1195 1646
1195 1693
1195 2074
1195 4600
1197 1546
1197 1574
1197 2234
1198 2238
1198 2796
1198 3723
1199 1639
1199 3079
1200 2394
1200 2623
1200 3487
1200 4245
1201 1493
1201 3644
1201 4395
1201 4460
1202 2228
1203 1385
1203 1429
1203 2706
1203 4323
1204 1393
1204 2119
1204 2182
1204 2374
1205 1730
1205 2744
1205 3685
1205 3820
1205 3986
1206 4499
1207 1334
1207 1658
1207 1763
1207 2284
1207 2321
1207 2894
1207 3279
1207 3731
1208 1641
1208 2157
1208 2318
1208 3757
1208 4108
1209 1938
1209 3659
1209 4051
1210 1729
1210 1969
1210 3199
1210 4243
1211 2140
1211 2816
1211 3256
1211 3299
1211 3361
1211 3904
1211 4470
1212 2615
1212 4065
1212 4274
1213 2740
1213 3480
1213 3882
1214 1547
1214 2254
1214 4112
1215 3146
1215 3924
1215 4048
1216 1259
1216 1489
1216 1554
1216 1779
1217 1547
1217 2460
1217 2684
1217 3553
1218 1370
1218 1545
1218 3778
1219 3646
1219 4077
1220 1971
1220 2320
1220 2401
1220 3678
1220 4395
1221 1741
1222 3383
1222 4199
1222 4396
1223 3207
1223 3272
1223 4214
1223 4284
1224 2125
1224 3224
1226 3411
1227 3076
1227 3868
1228 1572
1228 1578
1228 2905
1228 3319
1229 1294
1229 2279
1229 2382
1229 3121
1229 4426
1230 2470
1230 3474
1230 3503
1230 3525
1230 4285
1231 1468
1231 1524
1231 3149
1231 3317
1232 1673
1232 2448
1232 2459
1232 3499
1233 1439
1233 1744
1233 2206
1233 3251
1234 1620
1234 2304
1234 2334
1236 3472
1237 1506
1238 1444
1238 3762
1238 4222
1238 4530
1239 4552
1240 1811
1240 2882
1240 3969
1240 4248
1241 1320
1241 2701
1241 4338
1242 1936
1242 3078
1242 3497
1242 3850
1243 1265
1243 1686
1243 3063
1243 3389
1243 3784
1243 4305
1243 4437
1244 3392
1245 1309
1245 1528
1245 1853
1246 1416
1246 3696
1247 1408
1247 1555
1247 1827
1247 2056
1247 3979
1247 4392
1248 1771
1248 2333
1248 3553
1248 3635
1248 3647
1248 3750
1248 4644
1249 3671
1249 4188
1250 1725
1250 1905
1250 2905
1251 1465
1251 1945
1251 2392
1251 2678
1251 4528
1252 1949
1252 2371
1253 2299
1254 1449
1254 3113
1254 3720
1255 2006
1255 3803
1255 4282
1256 1260
1256 2646
1256 3095
1257 1436
1257 2238
1257 2591
1258 1696
1258 3722
1258 4370
1259 2650
1259 2705
1259 3364
1259 3400
1260 3537
1261 1941
1261 3058
1261 3393
1261 3719
1261 3732
1261 4074
1262 2334
1262 4247
1262 4543
1262 4549
1263 4439
1265 1819
1265 1997
1265 3816
1266 1415
1266 1784
1266 1989
1266 2652
1267 1603
1267 1831
1267 3015
1267 3065
1267 4075
1268 3051
1269 2242
1269 3243
1269 3874
1270 1354
1270 4057
1271 1648
1271 2763
1272 4201
1273 1902
1274 4314
1275 1810
1275 3159
1275 3239
1275 3716
1275 3849
1275 4248
1276 1384
1276 1777
1276 3152
1276 3292
1276 3948
1276 4104
1277 1365
1277 1544
1277 3842
1278 2623
1278 3194
1279 3774
1279 3799
1280 1293
1280 1634
1280 2172
1280 4605
1281 1572
1281 3839
1281 3939
1282 2380
1282 2983
1283 1719
1283 2905
1283 4153
1283 4519
1284 1368
1284 2226
1284 2417
1284 2969
1284 4579
1285 1409
1285 2126
1285 2319
1285 2787
1285 3638
1285 3681
1286 1625
1286 2962
1286 3203
1287 1293
1287 3064
1288 3330
1289 2129
1289 3477
1289 4365
1290 1801
1290 3434
1290 3439
1290 4285
1291 1397
1291 2819
1292 1675
1292 2044
1292 2846
1292 3081
1292 3734
1293 2242
1293 2359
1293 2619
1293 2770
1293 2903
1295 1390
1295 2291
1295 2376
1295 3906
1295 3920
1296 2486
1296 3270
1296 3356
1296 4356
1296 4650
1297 1698
1297 2970
1297 3258
1297 4237
1297 4274
1299 1645
1299 1678
1299 2773
1299 2924
1299 3797
1300 2165
1300 3067
1300 3832
1300 3839
1300 3889
1301 1482
1301 2210
1301 2367
1302 4364
1302 4529
1303 1463
1303 1898
1304 1380
1304 2679
1304 2713
1305 2234
1305 3846
1305 3910
1306 3432
1306 4425
1306 4653
1307 1605
1307 3556
1308 1444
1309 3181
1309 3992
1310 1784
1310 2791
1311 1564
1311 1773
1312 2256
1312 2674
1312 3595
1312 3939
1313 1630
1313 1999
1313 3015
1313 3129
1313 3317
1313 3629
1313 4122
1313 4276
1314 2239
1314 2666
1314 3935
1315 1715
1315 2100
1315 4101
1316 1532
1316 4386
1317 2009
1317 2031
1317 4385
1318 2111
1319 1866
1319 3335
1319 3693
1319 4109
1319 4561
1320 1594
1320 1948
1320 2135
1321 1397
1321 2204
1321 2305
1321 2359
1321 3332
1321 4125
1322 1445
1322 2421
1322 3062
1322 3750
1323 3195
1324 3449
1324 3618
1324 4012
1325 1509
1325 1522
1325 1553
1325 1896
1325 2497
1325 3288
1325 3404
1326 3250
1326 4633
1327 1648
1327 2462
1327 3869
1327 4026
1327 4259
1328 1923
1329 2692
1329 3200
1329 3217
1329 3441
1329 3512
1330 3233
1330 3925
1330 3941
1330 4633
1331 2944
1331 3123
1331 4422
1332 1769
1332 2487
1332 2855
1332 3029
1332 4528
1333 2311
1333 3824
1333 3872
1334 1455
1334 1514
1334 1570
1334 1705
1334 2126
1336 2518
1336 4061
1337 2481
1337 3127
1337 3401
1338 1783
1338 1925
1338 3560
1339 1470
1339 3826
1340 1627
1340 3748
1341 1405
1341 1968
1341 2364
1342 1586
1342 2960
1342 4461
1343 1568
1343 3438
1343 4195
1344 1618
1344 2370
1344 2482
1344 4170
1345 1678
1345 2516
1345 4295
1346 1612
1346 3290
1347 1626
1347 2697
1348 3775
1348 3802
1349 1857
1349 4637
1350 2753
1350 3116
1350 3694
1350 3895
1351 3569
1351 3593
1352 1580
1352 2505
1352 3158
1353 2199
1353 3201
1354 3243
1355 1781
1355 1805
1355 1992
1355 2359
1356 1421
1356 1550
1356 1807
1356 2090
1356 2226
1356 2333
1356 3836
1357 1686
1358 1895
1358 2276
1358 2387
1358 3496
1359 1997
1359 2064
1359 2225
1359 3675
1359 4151
1359 4219
1359 4618
1360 2275
1360 3092
1361 1878
1362 3734
1363 2047
1363 2462
1364 4391
1365 1534
1365 2453
1365 2552
1366 3751
1366 4348
1367 2245
1367 2609
1367 4121
1368 4432
1369 3535
1370 1854
1370 2921
1370 3681
1370 4121
1370 4549
1371 1982
1371 2369
1371 2681
1371 4166
1372 1557
1372 4060
1372 4505
1372 4556
1374 3856
1375 1607
1375 1849
1375 1935
1376 3400
1376 3582
1376 3824
1377 1714
1377 4427
1377 4438
1378 4167
1379 1516
1379 3201
1379 3309
1379 3489
1379 4028
1380 1795
1380 3675
1381 2958
1382 2144
1382 3432
1383 4167
1384 2091
1384 2115
1384 3002
1384 3422
1385 1717
1385 1998
1385 3975
1385 4511
1386 1542
1386 1882
1386 2592
1386 2659
1386 3243
1386 4594
1387 1511
1387 2363
1388 1973
1389 1942
1389 4028
1390 2569
1391 2132
1391 2635
1391 2757
1392 1625
1392 2745
1392 3201
1392 4360
1392 4528
1393 3014
1394 1417
1394 1582
1394 1654
1394 1954
1394 3074
1395 1484
1395 2211
1395 2819
1395 4205
1396 1733
1396 2059
1396 3057
1396 3522
1396 3906
1396 4520
1397 1445
1397 1518
1397 1868
1398 1971
1398 2072
1398 4297
1399 2417
1399 3779
1399 4348
1400 2782
1400 3150
1401 1558
1401 1685
1401 1834
1401 1952
1401 2677
1402 1435
1402 1659
1402 3426
1402 4137
1403 2552
1403 3050
1403 4298
1404 1800
1404 2118
1404 4392
1405 1603
1405 2866
1405 3439
1405 4459
1406 1745
1406 2129
1406 3667
1406 3908
1407 2308
1407 2666
1407 2967
1407 3139
1407 3245
1408 2335
1408 3068
1409 1843
1409 1987
1409 2468
1409 2855
1409 2928
1410 1499
1410 2495
1410 2648
1410 3646
1411 3630
1411 3801
1411 4648
1412 1430
1412 1544
1412 1787
1412 1918
1413 2483
1413 3075
1413 3632
1414 1422
1414 2131
1415 3558
1416 1621
1416 3352
1417 2234
1417 4374
1419 4619
1420 1723
1420 2748
1420 3757
1420 4432
1420 4446
1421 2683
1421 3384
1422 2649
1422 2838
1422 3052
1422 3263
1423 1799
1423 2727
1423 3198
1423 4016
1424 1768
1424 3287
1424 4023
1425 1434
1425 1929
1425 2630
1425 2726
1425 3146
1425 3291
1425 3536
1426 2327
1426 3627
1427 2783
1428 2349
1430 4529
1431 2222
1431 4124
1432 3395
1432 3637
1433 4236
1433 4316
1434 1592
1434 1753
1434 1988
1434 3400
1434 3726
1434 4366
1435 1812
1435 2036
1435 2594
1435 2773
1435 3001
1435 3868
1436 2604
1436 3964
1436 4533
1437 1790
1437 1796
1437 2868
1437 4629
1438 2932
1438 4192
1439 2107
1440 1619
1440 1835
1440 4402
1441 3759
1441 4511
1442 1515
1442 1971
1442 2064
1442 2137
1443 1475
1443 3438
1443 3807
1443 4382
1445 2039
1445 2482
1445 2893
1446 1663
1446 2713
1446 2772
1446 3086
1446 4035
1447 2097
1447 2260
1447 4167
1448 2788
1448 3779
1448 4560
1449 3056
1449 3610
1450 1596
1450 2416
1450 2709
1450 3491
1451 2409
1451 4221
1451 4274
1451 4465
1452 1531
1452 4625
1453 1459
1453 3525
1453 4127
1453 4484
1454 2073
1454 2161
1454 2943
1454 3860
1454 4156
1455 3277
1455 3760
1456 1569
1456 1768
1456 3248
1456 3493
1457 1774
1457 3260
1457 4643
1458 2090
1458 2285
1458 2675
1458 2804
1458 3173
1458 3511
1459 1530
1459 1926
1460 1601
1460 2153
1460 4124
1460 4167
1461 3028
1461 4249
1461 4649
1462 1605
1462 2360
1464 2166
1464 2402
1464 3200
1464 4374
1465 1669
1465 2300
1465 3473
1466 2208
1466 2212
1466 2636
1466 3065
1466 3419
1466 3993
1466 4314
1467 3134
1467 3270
1467 3774
1469 1604
1469 2038
1469 2160
1469 2391
1469 2444
1469 4029
1470 3791
1471 2040
1471 3880
1471 3881
1472 1818
1472 2385
1472 2447
1472 3608
1472 4356
1472 4415
1472 4455
1473 1622
1473 2643
1473 2705
1473 3487
1473 4161
1473 4594
1474 1480
1474 3460
1474 4095
1475 2924
1475 3719
1475 4345
1476 3209
1477 1584
1477 2227
1477 2310
1477 3346
1477 3537
1477 3864
1477 4247
1478 1656
1478 1834
1478 2923
1478 3376
1478 3399
1479 2327
1479 2456
1479 3592
1479 4309
1480 2827
1480 4644
1481 1861
1481 1862
1481 2856
1481 2906
1481 4537
1482 1772
1482 1978
1483 2500
1483 2621
1483 3145
1484 2334
1484 3794
1484 4115
1485 1621
1485 3483
1486 2664
1486 3763
1486 4041
1487 1600
1487 1930
1487 2980
1487 2990
1488 1993
1488 2060
1488 2066
1488 2783
1489 1758
1489 1955
1489 2340
1489 3154
1489 3612
1489 4081
1490 1739
1490 2430
1490 3011
1490 3985
1491 3313
1492 1621
1492 2375
1492 3219
1492 3994
1492 4394
1493 2336
1494 3848
1494 4392
1495 2875
1495 4134
1496 1571
1496 1585
1496 1708
1496 1739
1496 1830
1496 2007
1496 2093
1496 2473
1496 3626
1497 2631
1498 2419
1498 2867
1498 3059
1498 4341
1499 1766
1499 3750
1499 4071
1500 3362
1501 1587
1501 1905
1502 1720
1502 3079
1502 3151
1502 4172
1502 4336
1502 4398
1502 4507
1503 1761
1503 2634
1503 3302
1503 3497
1504 3213
1505 3632
1506 2104
1506 2179
1507 1592
1507 3962
1507 4641
1508 1593
1508 2631
1509 4151
1509 4623
1510 3107
1511 3028
1511 3179
1511 3381
1512 1885
1512 1934
1512 2053
1513 2451
1513 2879
1513 4621
1514 1676
1514 3320
1514 3529
1514 4111
1514 4158
1515 1827
1515 3034
1516 1729
1516 2641
1516 3002
1516 4122
1517 1619
1517 2587
1518 2676
1518 4326
1519 3385
1520 1741
1520 2817
1521 1696
1521 2251
1521 3154
1521 3234
1521 3745
1522 1976
1522 3442
1522 4463
1523 1632
1523 1991
1523 2281
1523 3517
1524 1632
1524 2874
1524 3377
1524 4057
1525 2864
1525 4073
1525 4479
1526 2091
1526 3016
1526 3069
1527 3892
1528 1963
1528 2321
1528 4076
1528 4228
1529 1630
1530 2043
1530 3084
1530 4371
1531 2075
1531 3650
1531 3892
1531 4452
1532 1541
1532 2185
1532 4069
1533 2796
1534 1584
1535 2248
1535 4221
1536 1750
1536 2617
1536 3455
1536 4035
1537 1632
1537 1790
1537 4328
1537 4519
1538 2020
1538 2564
1538 2817
1538 3229
1539 3154
1540 1988
1540 2227
1540 3710
1541 1638
1541 2478
1541 2787
1541 4435
1542 1851
1542 2471
1542 3153
1542 3472
1542 3694
1542 3750
1542 3889
1542 4020
1543 4576
1544 2753
1545 1749
1545 2190
1546 3464
1547 3269
1547 3361
1547 4018
1548 1723
1549 2558
1549 3096
1550 1712
1550 2472
1550 3177
1551 3298
1551 3426
1551 3897
1551 4053
1551 4274
1551 4440
1552 1696
1552 1889
1552 2278
1552 2333
1552 3308
1552 3587
1553 1570
1554 2852
1555 4387
1556 1865
1556 2961
1557 4064
1558 1684
1558 3937
1558 4055
1558 4248
1558 4329
1558 4472
1559 1787
1559 2601
1559 3729
1560 1580
1560 2146
1560 2180
1560 2890
1560 2950
1561 2533
1561 2593
1562 1623
1562 2169
1562 2240
1562 2308
1562 3171
1562 3466
1562 3530
1563 1692
1563 3837
1564 1723
1564 3133
1564 3147
1564 4656
1565 1688
1565 1718
1565 3021
1565 3786
1566 3322
1566 3551
1566 4636
1567 1575
1567 2766
1568 3201
1569 1777
1570 2407
1570 3425
1571 1975
1571 2744
1572 1930
1573 2187
1573 4045
1573 4205
1574 2680
1574 2761
1574 3844
1574 4653
1575 2113
1576 2688
1576 3177
1576 4323
1577 2254
1577 2959
1577 3061
1577 4277
1578 2249
1578 2559
1578 3048
1578 3206
1578 3401
1578 4336
1579 1775
1580 2242
1580 3034
1580 4004
1581 2048
1581 4188
1581 4610
1582 3191
1582 4076
1583 2743
1583 3727
1584 1685
1584 2542
1584 3203
1585 3771
1585 4164
1586 2110
1586 2881
1586 3420
1586 3968
1587 2170
1587 3094
1587 3322
1587 3895
1587 4386
1587 4634
1588 2408
1588 3097
1589 2287
1589 2457
1589 3665
1589 4193
1590 2273
1590 3749
1590 4381
1591 2557
1591 2908
1591 3353
1591 3574
1591 3713
1592 2164
1592 2712
1592 2948
1592 3271
1592 4017
1593 1829
1593 2664
1593 3192
1593 3427
1594 2977
1594 3210
1595 1671
1595 1947
1595 2293
1595 3336
1595 3475
1595 3737
1596 1693
1596 1858
1596 3014
1596 3095
1596 4097
1596 4309
1596 4591
1597 2205
1598 4312
1598 4489
1600 2816
1601 2316
1602 1786
1602 1803
1602 4402
1603 2068
1603 2740
1604 3631
1606 3244
1607 1823
1607 2420
1607 3164
1607 3865
1607 4376
1608 1691
1609 2087
1609 3568
1609 3654
1609 3781
1609 3918
1610 2734
1610 4010
1611 3539
1611 3563
1611 3753
1612 2047
1612 2839
1614 1635
1614 2329
1614 3940
1615 3579
1616 3089
1616 3313
1616 3584
1616 3899
1618 2112
1618 2309
1618 2714
1619 1712
1619 2977
1619 3604
1620 1631
1620 2260
1620 3964
1621 3223
1622 1770
1622 2399
1623 2622
1623 4319
1624 3788
1625 1660
1625 2429
1625 3515
1625 4293
1626 2997
1626 3005
1626 3463
1626 4594
1627 1684
1627 1975
1627 2308
1627 2634
1627 2899
1627 4140
1628 2668
1629 2117
1629 2827
1630 2649
1630 2728
1630 2774
1630 3977
1631 2176
1631 2910
1631 3021
1631 3949
1632 1925
1632 2234
1632 3592
1633 1761
1634 2227
1634 2466
1634 2780
1634 3289
1635 3118
1635 3589
1636 2643
1636 2712
1636 3516
1636 4558
1637 3506
1637 4010
1638 1682
1638 1921
1638 3379
1638 4602
1639 1684
1639 2566
1639 3282
1640 2039
1640 2658
1640 2876
1640 3311
1640 4473
1641 1648
1641 1881
1641 2681
1641 3749
1641 3900
1642 2137
1642 4276
1643 1856
1643 1940
1643 3784
1643 4278
1643 4647
1644 3430
1645 3681
1646 4475
1648 4178
1649 1987
1649 3672
1651 2099
1651 3632
1652 1710
1652 2045
1652 2051
1652 2220
1652 2256
1652 4071
1652 4104
1653 3597
1654 2404
1654 2429
1654 2733
1654 3884
1655 4127
1655 4240
1656 1708
1656 2280
1656 2289
1656 2751
1656 3135
1657 2963
1658 3931
1659 2410
1659 2978
1660 2531
1660 2715
1660 3759
1660 3925
1662 1753
1662 2481
1662 2542
1662 3703
1663 2922
1663 3278
1664 1838
1664 3027
1664 4261
1664 4437
1665 1874
1665 3576
1666 4099
1667 2738
1667 2847
1667 3378
1669 1908
1669 2286
1669 2368
1669 2641
1669 4390
1670 2201
1671 2507
1671 2668
1671 3493
1672 3123
1673 2025
1673 2034
1673 2138
1673 2607
1673 3903
1674 2620
1674 2630
1674 4286
1674 4496
1676 1956
1676 2081
1676 3795
1677 4593
1678 2049
1678 2537
1678 3333
1679 4229
1680 4026
1680 4257
1680 4459
1680 4607
1681 3279
1682 2544
1683 2513
1683 3622
1684 3849
1684 4403
1685 1838
1685 2009
1685 2763
1686 1984
1686 1985
1686 2325
1686 2930
1686 3086
1686 4054
1686 4341
1687 1734
1687 3125
1688 2052
1688 2527
1688 3060
1688 3443
1688 3622
1689 2771
1690 2123
1690 2337
1690 2735
1690 2796
1691 1837
1691 3113
1691 3161
1691 3186
1691 3909
1692 2003
1692 2636
1692 3533
1692 4291
1693 4011
1693 4057
1694 3624
1694 4523
1695 2224
1695 2984
1695 3777
1695 3848
1696 1785
1696 3335
1696 4443
1697 1798
1697 2093
1697 2313
1697 3674
1698 2070
1698 2504
1698 4170
1699 2364
1699 3880
1700 3413
1700 4109
1701 1815
1701 1864
1701 4012
1702 1831
1703 1969
1703 2218
1703 2960
1703 3379
1704 2264
1704 3324
1705 4369
1706 1713
1706 2171
1706 3539
1706 4210
1707 3071
1708 3116
1708 4568
1709 2139
1709 2788
1709 3794
1710 1852
1711 1770
1711 1916
1712 1784
1712 4147
1713 2196
1714 2114
1714 2481
1714 3941
1715 2672
1715 4561
1716 2872
1716 3260
1716 3560
1716 3593
1717 1954
1718 1846
1718 2002
1718 2400
1718 2478
1718 2845
1718 4073
1719 1858
1719 2566
1719 4146
1719 4274
1720 2039
1720 2260
1721 3151
1721 3953
1722 1909
1722 2458
1722 2772
1722 3439
1723 2436
1723 2586
1724 1971
1724 4248
1725 2090
1725 2798
1725 3791
1725 4087
1725 4406
1726 1986
1726 2115
1726 2897
1726 4122
1727 2959
1727 3538
1727 4550
1728 3182
1729 1933
1729 3100
1729 4278
1730 2141
1730 2473
1730 3985
1730 4431
1731 1788
1732 2564
1733 2481
1733 2833
1734 2629
1734 3625
1735 3280
1735 3445
1736 2634
1736 2870
1737 2267
1737 3534
1738 2013
1738 3256
1738 4319
1739 3296
1739 4176
1740 3228
1741 3730
1741 3983
1742 1919
1742 2598
1742 2878
1742 3188
1743 1888
1743 3253
1744 1893
1744 2015
1744 4089
1745 1878
1745 2624
1746 2516
1746 3798
1746 3821
1748 3654
1748 4068
1749 2514
1749 3424
1751 1903
1751 2694
1751 3930
1751 4585
1753 2125
1753 2354
1753 3320
1754 2043
1754 2131
1754 2377
1754 3921
1754 4229
1755 2192
1755 2446
1755 4212
1757 1808
1757 2590
1759 3652
1759 3712
1759 3901
1760 2818
1761 3617
1761 3823
1761 4443
1762 3579
1762 3703
1762 4157
1763 3015
1763 3078
1763 3446
1765 2318
1765 3567
1766 1951
1766 3639
1766 4143
1766 4529
1766 4647
1767 2584
1767 4055
1769 3576
1769 3607
1769 4522
1770 2851
1770 2889
1770 3621
1770 3727
1770 3835
1770 4234
1772 2103
1772 3373
1772 4048
1773 2290
1773 2293
1773 4007
1774 3363
1775 4035
1776 2067
1776 4100
1776 4615
1777 2015
1778 1972
1778 3216
1778 3538
1779 1908
1779 2766
1779 3594
1780 2017
1781 3046
1781 3068
1781 3224
1782 2271
1782 4392
1783 2671
1783 3425
1784 3347
1785 3464
1786 2383
1787 3494
1787 3831
1788 1983
1788 4384
1789 3038
1789 3852
1789 4655
1790 1876
1790 2506
1790 3088
1791 4268
1792 2307
1792 3277
1792 3456
1793 1838
1793 2037
1793 2146
1793 2431
1793 3150
1793 3977
1794 3217
1795 3141
1796 2291
1796 3264
1796 3802
1796 4216
1796 4316
1797 4607
1798 2690
1799 1904
1799 2778
1799 3920
1800 3976
1801 2490
1801 2594
1801 2814
1802 1953
1803 3758
1804 2485
1804 2924
1804 3644
1805 2110
1805 2185
1805 2289
1805 2668
1805 3653
1806 2292
1806 3589
1806 4072
1807 2656
1807 3076
1809 3057
1810 3038
1810 3329
1811 2483
1811 3641
1811 4123
1812 3357
1813 1841
1813 2752
1813 4054
1814 1924
1814 2177
1814 3179
1814 3437
1814 3851
1815 2623
1815 3019
1816 2432
1816 2753
1816 3680
1817 1962
1817 3233
1819 2276
1820 3089
1821 3557
1822 2034
1822 2979
1822 3035
1823 1890
1824 2390
1824 2856
1825 2120
1825 2235
1825 2251
1825 2581
1825 3569
1825 3724
1826 1956
1826 2005
1827 1886
1827 2437
1827 4079
1829 2653
1830 2948
1831 1900
1831 1911
1831 4546
1832 3462
1832 3595
1832 3919
1833 2726
1833 4066
1833 4331
1834 3811
1834 4157
1835 2374
1835 3984
1836 3797
1837 2483
1838 2183
1839 2538
1839 3803
1839 4631
1840 3298
1840 4039
1840 4283
1841 2533
1841 2652
1842 2920
1842 4175
1843 3672
1843 4288
1844 2983
1844 3212
1845 2096
1845 2369
1845 2640
1845 4158
1846 2878
1846 2963
1846 4013
1847 2288
1847 2343
1847 2783
1848 3682
1849 2241
1849 2646
1849 3955
1849 4462
1850 1895
1850 2009
1850 2349
1850 3636
1850 3954
1850 3997
1850 4424
1851 4580
1852 1864
1852 2049
1853 2009
1853 2046
1853 2067
1853 2161
1853 3461
1854 2120
1854 3123
1854 3569
1855 3314
1857 2553
1857 3966
1857 4049
1858 4016
1859 3295
1859 3303
1860 3596
1861 2063
1862 2136
1862 2459
1862 2732
1862 3470
1862 4023
1864 3256
1864 3338
1864 3529
1864 4409
1865 2632
1865 2671
1865 3121
1865 3836
1866 1937
1866 2564
1866 2634
1867 2126
1868 2058
1868 4259
1869 3454
1870 3042
1870 3194
1870 3736
1870 4293
1870 4303
1871 3956
1872 2089
1872 2204
1872 2842
1873 2097
1873 2206
1873 3642
1874 2500
1874 3927
1875 1941
1875 2772
1875 3743
1876 3303
1876 3354
1878 2274
1878 2377
1878 3421
1878 4093
1879 2081
1879 2758
1880 2275
1880 4026
1882 3431
1882 4643
1884 1959
1884 2025
1884 2845
1885 2583
1885 2880
1885 3150
1885 3492
1887 2759
1887 3184
1887 3677
1887 4419
1888 1971
1888 4085
1888 4267
1889 2350
1889 3983
1891 2965
1891 3108
1891 3797
1892 3583
1894 3364
1895 2389
1895 2510
1896 2651
1897 2282
1897 4418
1898 3654
1898 3994
1898 4330
1899 2458
1899 2953
1899 3155
1899 3996
1901 3255
1901 3718
1901 4158
1902 2435
1902 3859
1903 2425
1904 3709
1904 4186
1904 4641
1905 2634
1905 4161
1906 4162
1907 3239
1909 2384
1909 3367
1910 2200
1912 2560
1913 2010
1913 3031
1913 3969
1914 3066
1914 3338
1914 3886
1914 4563
1915 3489
1915 3618
1915 4368
1917 3372
1918 3290
1919 4045
1919 4153
1920 3243
1920 3889
1920 3980
1921 3070
1922 2028
1922 2487
1922 2864
1922 2986
1922 3074
1922 3115
1923 2458
1923 2726
1923 3186
1923 3669
1923 3729
1923 3914
1924 4478
1925 3167
1926 2199
1926 3424
1926 3523
1926 4249
1927 3643
1927 4423
1929 3673
1929 3694
1930 1932
1930 2540
1930 2864
1930 3985
1931 2564
1931 2669
1932 3194
1932 3318
1933 2417
1934 3324
1934 4373
1934 4535
1934 4633
1935 4156
1936 3136
1936 3191
1936 3510
1936 4381
1937 1962
1937 2065
1937 2894
1937 3700
1938 3001
1939 2791
1939 4257
1939 4467
1940 3897
1941 2311
1944 3906
1945 2231
1946 2764
1946 3230
1946 4018
1946 4230
1948 4099
1948 4485
1949 2571
1949 3584
1949 4204
1949 4547
1950 3030
1950 3635
1951 2390
1951 2786
1951 2917
1951 3044
1951 3828
1952 2791
1952 3884
1953 4007
1954 2601
1954 2954
1954 3069
1954 3075
1954 4175
1954 4362
1954 4420
1955 2180
1956 2527
1957 1981
1957 3252
1958 3175
1958 3938
1959 2834
1959 3375
1959 3945
1960 3023
1961 2508
1961 2655
1962 2509
1962 2959
1965 2388
1966 3267
1966 4200
1967 2138
1967 3028
1967 3696
1968 2205
1969 3600
1970 4057
1970 4322
1971 3205
1972 2507
1972 2541
1972 3053
1972 4346
1973 1993
1973 3249
1974 2485
1974 2592
1974 2762
1975 2579
1975 2816
1975 4362
1976 2639
1976 2970
1976 3514
1977 2403
1977 2489
1977 2763
1977 3017
1977 4241
1977 4270
1978 2104
1978 3397
1978 3686
1980 2443
1980 2755
1980 3571
1980 4590
1981 2644
1981 3326
1981 3634
1981 4136
1981 4552
1982 3764
1984 2193
1984 4492
1985 2021
1985 3735
1986 2025
1986 3205
1987 3275
1987 4195
1988 3347
1988 3438
1988 3796
1988 3977
1990 2368
1991 2692
1992 2346
1992 4154
1993 2252
1993 2904
1994 2393
1994 2484
1995 2069
1995 2358
1996 2431
1996 2947
1996 3935
1996 4363
1997 2447
1998 2963
1998 3256
1998 3603
1998 3909
1999 2400
1999 3516
1999 4288
1999 4614
2000 2395
2000 2397
2000 2826
2001 4554
2002 3246
2003 3518
2003 4150
2004 2097
2004 2129
2004 4107
2005 3786
2005 4297
2006 2660
2006 3339
2006 3355
2006 3473
2006 3752
2006 3923
2007 3282
2007 3309
2007 3761
2008 2685
2008 4403
2008 4487
2009 2207
2009 2930
2009 3097
2009 3727
2009 3880
2010 2823
2010 2954
2011 2693
2012 2140
2012 3071
2012 3370
2012 3838
2012 3896
2013 3788
2014 2634
2014 3074
2014 3139
2014 4489
2014 4542
2015 2556
2015 3127
2016 2079
2016 2820
2016 3416
2016 4080
2017 2811
2017 2995
2017 4544
2018 3890
2020 3507
2020 3880
2021 2521
2021 3148
2022 3270
2022 4409
2023 2387
2023 3387
2023 3424
2024 2051
2024 2689
2026 2083
2026 2158
2026 2665
2027 4000
2028 4597
2029 3513
2030 2681
2031 4283
2033 2313
2033 3146
2034 2462
2034 3028
2036 2870
2036 3018
2036 4285
2037 2048
2037 2381
2037 2886
2037 3164
2037 3326
2038 4094
2039 2794
2039 4224
2040 2206
2040 3426
2040 3983
2040 4002
2041 3153
2042 2869
2043 2100
2043 2794
2046 2898
2046 3989
2046 4416
2047 3239
2048 2697
2048 2827
2049 4453
2050 3742
2050 4000
2050 4398
2050 4467
2052 2426
2052 3406
2052 4014
2053 3764
2054 2796
2055 2488
2055 2824
2055 3114
2055 3593
2056 2431
2057 3480
2057 3561
2057 3886
2058 2837
2058 3437
2058 3867
2058 4221
2059 2301
2059 2738
2059 3198
2059 3319
2060 2743
2061 2259
2061 2576
2062 4302
2063 2134
2063 2536
2063 4609
2064 2112
2064 3373
2064 4093
2064 4522
2065 2098
2065 2316
2065 2565
2065 3191
2065 4454
2066 4024
2067 3025
2067 3431
2067 3573
2068 4509
2069 2216
2070 2991
2071 2475
2071 3987
2071 4330
2071 4365
2072 2246
2072 3307
2072 4527
2073 2739
2073 3357
2075 4624
2075 4656
2076 3707
2076 3740
2076 3985
2076 3999
2077 2406
2077 4133
2078 3021
2080 2789
2082 2105
2082 2657
2082 3730
2083 2250
2083 3345
2084 4180
2085 4510
2086 3303
2086 4509
2087 2911
2087 4055
2087 4276
2088 2135
2088 2852
2088 4076
2090 2427
2090 2946
2090 3711
2091 2121
2091 2699
2091 2855
2091 4167
2091 4587
2092 2166
2092 2549
2092 3125
2093 2464
2093 2825
2094 3195
2094 3485
2095 3879
2095 4049
2096 2414
2097 3621
2098 2124
2099 2338
2099 2522
2099 4168
2101 3262
2102 2747
2103 4607
2104 2188
2104 2257
2104 4526
2105 2435
2106 2249
2106 2394
2107 2494
2107 3147
2107 3182
2108 2122
2108 4470
2108 4512
2108 4632
2110 2460
2111 4310
2112 2655
2112 2700
2112 2787
2112 3689
2112 3899
2113 2262
2113 3876
2113 4333
2113 4539
2114 3841
2114 3969
2115 2480
2115 2773
2115 3109
2115 3463
2115 4641
2116 2275
2116 2476
2116 2530
2116 3103
2117 2247
2117 2901
2117 3991
2118 2143
2119 4423
2120 2718
2120 3470
2120 4301
2121 2455
2122 2694
2122 2844
2124 3348
2124 3601
2124 3962
2125 2983
2126 4054
2127 3055
2127 3395
2127 4155
2128 2615
2128 3003
2130 3416
2130 4250
2131 3211
2131 3513
2131 3852
2132 2214
2132 2679
2132 3597
2132 3787
2132 3953
2133 2982
2133 3202
2133 3611
2133 4508
2134 2683
2134 3188
2134 3288
2135 2464
2135 3265
2135 4477
2136 2393
2136 2939
2137 2483
2137 4147
2138 2585
2138 3454
2138 4255
2139 2720
2139 4449
2140 2613
2140 4534
2141 2143
2141 2564
2141 2806
2142 3171
2142 4525
2143 2601
2143 3066
2143 3338
2143 3682
2143 4135
2144 2377
2144 3047
2145 3820
2145 4043
2146 2313
2146 3006
2146 3324
2147 3554
2147 3611
2149 2613
2150 2754
2150 3329
2151 2458
2151 3947
2151 4567
2152 2211
2152 2929
2152 3743
2152 4265
2152 4370
2152 4471
2153 2832
2153 3356
2153 3866
2153 4252
2154 3858
2154 4565
2155 2511
2155 3404
2155 3425
2155 3753
2156 2160
2157 3023
2157 3206
2157 3314
2157 3429
2157 3697
2159 2981
2160 4086
2160 4296
2161 2281
2161 2323
2164 2734
2164 4359
2165 4553
2166 2518
2166 3388
2167 2515
2168 2404
2168 3680
2168 3749
2168 3976
2168 4642
2170 2589
2171 3685
2172 2230
2172 2630
2173 2857
2173 3234
2173 3851
2175 2883
2175 3296
2175 3953
2176 2575
2176 4556
2177 3400
2177 3553
2177 3738
2177 3926
2177 4260
2177 4521
2178 3111
2178 4346
2179 3556
2179 3790
2180 4261
2182 3198
2183 3835
2184 2262
2184 2307
2185 2313
2185 4234
2186 2351
2186 3050
2186 3435
2187 2902
2187 3788
2187 4585
2189 2387
2189 4446
2190 2295
2190 4125
2190 4649
2191 3071
2191 3133
2191 4315
2191 4453
2191 4563
2192 2323
2192 3037
2194 2383
2194 2774
2194 3828
2195 2628
2196 3252
2196 3946
2197 2222
2197 4056
2198 3881
2199 2219
2199 2427
2199 3902
2200 2330
2201 2963
2202 2270
2203 2261
2203 2749
2203 3678
2203 3963
2203 4518
2205 2940
2205 2978
2205 4469
2206 2400
2206 3488
2206 3719
2207 3321
2207 4191
2208 2582
2208 3038
2208 3199
2209 2937
2210 2416
2210 3054
2210 3464
2210 3488
2211 3557
2212 2244
2214 2277
2214 2835
2214 3032
2214 3073
2214 4584
2217 2814
2217 3335
2217 3810
2217 4654
2218 3301
2219 2763
2220 3475
2220 3804
2220 4280
2220 4294
2223 2969
2223 3280
2223 4532
2224 3166
2224 4226
2225 2611
2225 4434
2226 2415
2226 3286
2227 2606
2227 3941
2229 2468
2229 3959
2230 4204
2233 2958
2233 3029
2233 3352
2233 4283
2233 4582
2234 3453
2234 4614
2235 2317
2235 3752
2236 2281
2236 3132
2236 3708
2237 4566
2238 3681
2238 3950
2238 4008
2238 4284
2239 3354
2239 4615
2240 3735
2240 3918
2240 4348
2241 3945
2241 4286
2241 4384
2242 2331
2242 4592
2243 3583
2243 3986
2245 2475
2245 3083
2245 3318
2245 3588
2246 2860
2246 3002
2246 3034
2247 2299
2247 3685
2247 4285
2248 2349
2248 2479
2248 4143
2249 3600
2250 2465
2250 3531
2250 4628
2251 2351
2251 2722
2251 3201
2252 2745
2252 3429
2252 3921
2253 3440
2253 3457
2253 4250
2253 4342
2254 3130
2254 3204
2254 4054
2254 4525
2255 2660
2255 4597
2255 4654
2256 2682
2256 2716
2256 3532
2257 3906
2258 3328
2259 2349
2259 2394
2259 2413
2259 3230
2261 2637
2261 2747
2261 4406
2263 2766
2263 3418
2264 4517
2264 4629
2266 3653
2266 4279
2267 2323
2267 3484
2267 4108
2268 3754
2268 3815
2269 3899
2269 4187
2270 2765
2270 3464
2271 2784
2271 3293
2271 3878
2271 4635
2272 2643
2272 2941
2272 3221
2273 2324
2273 3775
2274 2888
2274 4500
2276 3441
2276 3465
2276 4057
2276 4521
2277 4595
2278 2601
2278 3486
2278 4108
2279 2575
2280 2481
2280 3723
2281 3501
2281 3959
2282 3834
2283 2638
2283 2926
2284 2616
2284 3967
2285 3377
2285 4260
2286 3145
2286 3412
2286 3856
2287 2586
2287 3008
2287 3259
2287 3410
2288 2321
2288 2741
2288 4214
2289 3278
2289 4346
2289 4481
2289 4558
2290 2642
2290 2724
2290 3601
2292 2380
2293 3420
2294 3072
2295 2925
2295 4263
2296 3087
2296 3141
2296 3744
2297 3685
2297 4215
2298 2637
2298 2875
2298 3608
2298 3900
2299 4037
2300 2306
2300 3805
2301 2953
2301 4524
2302 2907
2302 3218
2303 2931
2303 3846
2304 4180
2305 4244
2306 2754
2306 3452
2306 3626
2307 3807
2307 4179
2308 2533
2308 2839
2308 3493
2309 4338
2310 3045
2310 4518
2311 2371
2311 4421
2312 2630
2312 4349
2313 2318
2313 3162
2313 3261
2313 3558
2313 3829
2314 2624
2315 2734
2316 2373
2316 4061
2317 2441
2317 2647
2317 3523
2319 2440
2319 2679
2320 2868
2320 3073
2320 3583
2320 4296
2320 4608
2321 2374
2321 3284
2322 2499
2322 3872
2323 2347
2323 3152
2323 3158
2324 2454
2325 2908
2325 4430
2328 3491
2328 3520
2329 2892
2329 3782
2329 4126
2329 4368
2330 2889
2330 3507
2332 2346
2332 3713
2333 4393
2334 3014
2334 3125
2334 3407
2335 2469
2335 2684
2335 2983
2336 2644
2336 3505
2337 2483
2337 3487
2337 3699
2337 3867
2337 4594
2338 3351
2338 4150
2340 2880
2340 3585
2340 3606
2341 2962
2341 3488
2341 4539
2342 3944
2344 2524
2345 3800
2346 3796
2347 2982
2347 4278
2348 2977
2349 2518
2349 2790
2349 2796
2349 4515
2350 2798
2351 2853
2351 3107
2352 3774
2352 4023
2352 4076
2352 4152
2353 2821
2354 2734
2354 2750
2354 3179
2356 3371
2356 3417
2356 3572
2356 4072
2357 3773
2357 4329
2358 2882
2358 2937
2358 4048
2359 2596
2359 3620
2359 3843
2360 3046
2360 3520
2360 3529
2361 2959
2361 3418
2361 3988
2361 4488
2362 2829
2362 2936
2362 3530
2363 3398
2363 4440
2365 4478
2365 4572
2366 2647
2367 2612
2367 4107
2367 4206
2369 3569
2369 4504
2370 2467
2371 2409
2371 3127
2372 4032
2373 2484
2373 4572
2374 4128
2375 3765
2375 3935
2377 4482
2378 2714
2379 2853
2379 3809
2379 4163
2380 3061
2380 3227
2380 3505
2380 3607
2380 4632
2381 3078
2381 4647
2382 2951
2383 2408
2384 2809
2384 3498
2384 3952
2384 3991
2385 2512
2385 3518
2386 2547
2387 2553
2387 2725
2387 3004
2387 3085
2387 3695
2387 4399
2388 3193
2389 4338
2390 2490
2390 4141
2390 4513
2391 4405
2393 3616
2393 3973
2394 2627
2394 3221
2394 3702
2394 4417
2395 2846
2397 2625
2397 2820
2397 4004
2398 4139
2400 2716
2401 3412
2403 2760
2403 3197
2403 3700
2403 4375
2404 2981
2404 4345
2405 3285
2406 3288
2407 2474
2407 3152
2408 2484
2408 2906
2408 3855
2408 4180
2409 4386
2409 4414
2410 3567
2411 3826
2412 2595
2412 4110
2413 4503
2413 4625
2415 2422
2415 3124
2415 3209
2415 3345
2415 3603
2417 3359
2417 4017
2419 2511
2419 2555
2419 2805
2420 3040
2420 3064
2420 3503
2420 3940
2421 3324
2421 3882
2422 4258
2423 2936
2423 4446
2426 2519
2426 4591
2428 3079
2428 3193
2430 3377
2430 4461
2430 4466
2432 2801
2432 3631
2432 3945
2434 4524
2435 3293
2435 4642
2436 3203
2437 3339
2437 3571
2438 2659
2438 3409
2438 3523
2440 3468
2441 3194
2442 3232
2442 3875
2443 2554
2443 3698
2443 4237
2444 2806
2444 2899
2444 3222
2444 4118
2445 2978
2445 3080
2445 3737
2447 2685
2447 3041
2447 3590
2448 3195
2450 2605
2450 2713
2450 3209
2450 3957
2451 2869
2451 3066
2451 4132
2452 3292
2452 4207
2453 3079
2453 3851
2454 2532
2454 2671
2454 3003
2454 3429
2455 2698
2455 4405
2456 2573
2456 3314
2456 3333
2456 4134
2457 3436
2457 3991
2458 2670
2459 4093
2459 4183
2459 4400
2460 3147
2460 3376
2461 2545
2462 4086
2463 3556
2464 2546
2465 2501
2465 3796
2466 2590
2466 2692
2466 2733
2467 3546
2468 4495
2468 4560
2469 2809
2470 3367
2470 4371
2471 2581
2473 2514
2473 3461
2474 2486
2474 2545
2474 4358
2476 3888
2476 4235
2478 3120
2478 4099
2479 2975
2479 3633
2479 3801
2479 4002
2479 4233
2480 2568
2480 2934
2480 3281
2480 3871
2480 3987
2481 3364
2481 3481
2483 2730
2484 2539
2484 3888
2485 2956
2485 3912
2486 2797
2487 3037
2488 3510
2489 4047
2490 3934
2490 4507
2490 4542
2491 4646
2492 3450
2493 4535
2494 2678
2494 4406
2495 2707
2495 3539
2495 3698
2496 3893
2497 3067
2497 4223
2498 4529
2499 3737
2501 3905
2501 4110
2503 2570
2504 3008
2504 3941
2505 2593
2505 3185
2505 3715
2506 2632
2506 3868
2507 4050
2507 4111
2508 2961
2508 3789
2508 3873
2509 2855
2509 2857
2509 2932
2510 4168
2511 2865
2511 3104
2511 3330
2511 3987
2511 4312
2513 2951
2513 3336
2514 2682
2514 2812
2515 2661
2515 2847
2518 2572
2519 2702
2519 4273
2520 3368
2520 4428
2521 4182
2522 3135
2523 3484
2523 3609
2523 3650
2523 4383
2524 3012
2524 3638
2524 3849
2525 3637
2525 4223
2526 3386
2526 4081
2527 3667
2527 3869
2527 3922
2528 3846
2529 4121
2530 2622
2530 3122
2530 4596
2531 3010
2531 3706
2533 2675
2533 2803
2533 3151
2533 3242
2535 4442
2535 4482
2535 4601
2536 4099
2537 2644
2537 2704
2537 3540
2537 3941
2538 3312
2538 4410
2540 2999
2540 3315
2541 4231
2542 2818
2542 4251
2542 4327
2543 3660
2543 3802
2543 4146
2544 3514
2545 4169
2547 4263
2548 3168
2549 2909
2549 4264
2549 4433
2550 3126
2550 4089
2550 4300
2551 2767
2551 3687
2551 3826
2551 4507
2552 2970
2552 3642
2552 4552
2553 3570
2553 4276
2554 2567
2555 3357
2555 3442
2555 3743
2557 4096
2557 4270
2557 4273
2559 4271
2559 4317
2559 4491
2560 3245
2560 3761
2561 3101
2561 3330
2561 3408
2562 2894
2562 3791
2563 3326
2563 3768
2563 4017
2564 4235
2565 3169
2565 3318
2565 4081
2565 4558
2566 3020
2566 3091
2566 3620
2566 4595
2567 2697
2567 4006
2568 3074
2568 4385
2569 2759
2569 2819
2569 3061
2571 2959
2571 3727
2573 2864
2573 2931
2573 4393
2574 2893
2574 3663
2574 4287
2576 3082
2576 3200
2576 3991
2576 4224
2576 4420
2577 3197
2578 2771
2578 3459
2578 3734
2579 2918
2582 2810
2583 2900
2583 3684
2583 3698
2583 3971
2584 2973
2584 3043
2584 3391
2584 4024
2584 4208
2585 2960
2586 4575
2587 2954
2587 4532
2589 3550
2590 4346
2592 2652
2592 3094
2592 3215
2592 3369
2592 4091
2592 4154
2593 3445
2593 4404
2594 3124
2595 2767
2595 3400
2596 3548
2596 3612
2596 4347
2597 4040
2597 4075
2598 2832
2598 3328
2599 2805
2599 3129
2599 3607
2599 4345
2600 2745
2602 3410
2603 3565
2603 4114
2603 4190
2604 2665
2604 3044
2604 3065
2605 3191
2606 3302
2606 4426
2607 4135
2608 3120
2608 3856
2608 4452
2609 3146
2609 4293
2612 4435
2613 3306
2614 4280
2615 2888
2615 3206
2615 3417
2616 3361
2617 2645
2617 3374
2618 2790
2618 2990
2618 3776
2618 4095
2619 3049
2620 3048
2621 2725
2621 3970
2621 4345
2622 2688
2622 4426
2622 4654
2623 2957
2624 3169
2624 4370
2625 2889
2625 3334
2625 3592
2625 4319
2627 3948
2628 3352
2628 4275
2629 4656
2630 3524
2633 4631
2636 3287
2636 3502
2636 3779
2638 2804
2639 3172
2640 2976
2640 3044
2640 3249
2640 3261
2641 3197
2641 3570
2642 4454
2643 4604
2644 4133
2645 3049
2645 3094
2645 4423
2646 3996
2647 4606
2648 3905
2649 4631
2650 3683
2651 3482
2653 3240
2653 4185
2654 2851
2654 4633
2656 3109
2656 3293
2656 4028
2657 3183
2657 3781
2658 2939
2658 3023
2659 3726
2660 3891
2660 4338
2661 2938
2661 3275
2663 3020
2665 4379
2666 3639
2667 4230
2668 3132
2669 4356
2670 2767
2670 3359
2670 3432
2671 3605
2671 4410
2672 3807
2673 3544
2673 3982
2674 2708
2674 2971
2674 4526
2675 2842
2675 4361
2676 3365
2676 3713
2677 3151
2679 3803
2679 3864
2679 4130
2679 4385
2680 2917
2681 3710
2681 3750
2681 4252
2682 2707
2682 3013
2682 4068
2682 4388
2684 3632
2685 3369
2685 4230
2686 2861
2687 3827
2688 4168
2690 2693
2690 3405
2690 3766
2690 3782
2691 3771
2691 4593
2692 4155
2693 3433
2693 3446
2693 4160
2694 3354
2694 4307
2696 3320
2696 4144
2697 3109
2698 3339
2700 4481
2701 4063
2703 3711
2703 3718
2704 3137
2704 3603
2704 3714
2706 4337
2707 4194
2708 3642
2711 2991
2711 3756
2712 3828
2712 4119
2713 2807
2713 2953
2713 3203
2713 4156
2714 3944
2715 2887
2715 3079
2715 3386
2715 3716
2715 4500
2717 2810
2717 3027
2717 3696
2717 3923
2717 4211
2721 3729
2722 4318
2723 4136
2724 3423
2725 3460
2725 4639
2727 3189
2727 4349
2730 3211
2730 4188
2730 4266
2731 2940
2731 4039
2732 2972
2733 2899
2733 4160
2734 2881
2734 3034
2734 3090
2734 4174
2736 3770
2736 4363
2737 3692
2738 2978
2740 3194
2740 3399
2741 2758
2741 2979
2743 4007
2743 4345
2744 2951
2744 4382
2744 4583
2745 4203
2747 4303
2748 2971
2749 3004
2749 3707
2749 3912
2749 4637
2751 3595
2751 3623
2751 4256
2751 4285
2752 4069
2755 4196
2757 2945
2757 3037
2759 2781
2759 3566
2760 2872
2760 3518
2761 2850
2762 2763
2762 3420
2763 3371
2763 3491
2764 3460
2764 3487
2764 4593
2765 3232
2766 3426
2766 3527
2767 3057
2767 3090
2768 2809
2768 4195
2769 3452
2770 2925
2772 4222
2772 4443
2774 3222
2774 3404
2774 4301
2776 3712
2777 3788
2777 4431
2778 3834
2778 4217
2779 4613
2781 3146
2781 4118
2782 3700
2783 2816
2783 2933
2783 3382
2784 3023
2784 3375
2784 3580
2784 4107
2785 4041
2786 4249
2786 4473
2787 3375
2791 3193
2791 4368
2791 4546
2793 3555
2793 3992
2794 3058
2794 4041
2795 3117
2795 4652
2796 3665
2796 4189
2797 3819
2798 3325
2799 4205
2801 3811
2802 3335
2802 3758
2802 4285
2803 4126
2803 4372
2804 3106
2804 3619
2805 4011
2805 4412
2807 3048
2807 3649
2808 3372
2808 4540
2809 2883
2809 3055
2809 3241
2809 3910
2810 3576
2811 2840
2811 3176
2811 3792
2813 4148
2814 4443
2814 4493
2815 3122
2815 3878
2816 3589
2817 3073
2817 3924
2818 2937
2818 3882
2819 3231
2819 4096
2820 3817
2820 4408
2823 2847
2823 3268
2823 3333
2823 3338
2824 3287
2824 3518
2825 2878
2825 3481
2825 4473
2826 3990
2826 4551
2827 2927
2827 2945
2828 2912
2828 3054
2828 3622
2828 4598
2829 3095
2829 3229
2829 3752
2833 4027
2834 3474
2835 3757
2837 3640
2840 3334
2840 3672
2840 3738
2840 3882
2840 3964
2841 3554
2841 3668
2841 4000
2842 3105
2842 4642
2845 4590
2847 3261
2847 3690
2849 2885
2849 3430
2849 3722
2851 4007
2852 3566
2852 3705
2852 3928
2853 3505
2853 3878
2853 4538
2854 3156
2855 3281
2855 4350
2855 4424
2855 4517
2856 3966
2857 2978
2857 3037
2857 4301
2858 2923
2858 3562
2858 3596
2858 4333
2859 4114
2861 2956
2861 3433
2862 3691
2864 4175
2869 3125
2869 3534
2869 4292
2870 2873
2870 2993
2872 3251
2872 3358
2872 3800
2873 4019
2875 4016
2876 3342
2877 3374
2877 3422
2878 3519
2878 3921
2879 4345
2879 4606
2880 4627
2881 2885
2881 4405
2883 3346
2883 4591
2884 3950
2884 4102
2884 4281
2885 3262
2885 3525
2888 3818
2889 4529
2891 3083
2891 4502
2891 4575
2891 4646
2892 4038
2893 3188
2894 2976
2894 3276
2894 4208
2896 3348
2896 4212
2896 4527
2897 3555
2897 4044
2898 4156
2898 4364
2898 4580
2899 3595
2899 4257
2901 3383
2901 3836
2902 3857
2903 4157
2904 3293
2905 2952
2905 3578
2905 3876
2905 4094
2906 3731
2907 3677
2908 3768
2908 3886
2909 2973
2909 4013
2910 4461
2911 3448
2913 4316
2914 4030
2916 3436
2916 3890
2916 4071
2917 3278
2918 3745
2918 4019
2920 3616
2920 4086
2920 4576
2923 3416
2923 3861
2923 4620
2925 4451
2926 4078
2927 3175
2928 3092
2928 3301
2929 3140
2929 4127
2930 4101
2930 4203
2932 3168
2933 3609
2933 3692
2933 3716
2935 4006
2938 3327
2938 3706
2938 3822
2940 3365
2942 4033
2942 4419
2944 3528
2945 3342
2946 3836
2947 3915
2949 3938
2950 4129
2950 4394
2951 3414
2951 3536
2951 4437
2953 3318
2955 3235
2957 3621
2958 3325
2959 3199
2959 3999
2960 4332
2961 3586
2961 4059
2961 4226
2963 3511
2963 3936
2966 4386
2967 3023
2967 3271
2967 3774
2967 3966
2968 4574
2970 3398
2970 4367
2971 4616
2973 3448
2973 3893
2973 4143
2974 3465
2976 3272
2976 3571
2977 3334
2977 4046
2977 4334
2978 3142
2978 3158
2978 3797
2978 3843
2980 2989
2982 3198
2983 3653
2984 3758
2984 3788
2985 3508
2986 3124
2989 3688
2989 3785
2990 4076
2992 4379
2993 3527
2994 3812
2995 3818
2996 3567
2998 3222
2998 3673
2999 3289
2999 4384
3000 4229
3003 3265
3003 4034
3003 4064
3004 4198
3005 3309
3005 4517
3006 4471
3007 3390
3007 3509
3009 3646
3009 4038
3010 3350
3010 3896
3010 4199
3011 3185
3011 3935
3011 3965
3013 3209
3013 3610
3016 4624
3017 4302
3019 3093
3019 3554
3019 3808
3019 4134
3019 4247
3019 4475
3021 3181
3021 3908
3022 4533
3023 4089
3024 3858
3024 4338
3024 4416
3025 4311
3026 3589
3028 3503
3029 3657
3029 3662
3029 4532
3030 4533
3031 3662
3031 3677
3032 3533
3034 3935
3038 3233
3038 3588
3040 3911
3041 3057
3041 3943
3041 4254
3042 3407
3043 3110
3043 3810
3044 3047
3044 3398
3044 4231
3045 3292
3045 3378
3048 3829
3049 3458
3049 3754
3050 3200
3050 3399
3052 3586
3053 4477
3054 3163
3054 3673
3054 3852
3054 3879
3055 3972
3056 3232
3056 3414
3057 3306
3058 4472
3058 4492
3059 4196
3062 3543
3062 4304
3065 3874
3065 4025
3065 4084
3065 4238
3066 3096
3066 4185
3067 4251
3068 3411
3068 4085
3069 3343
3069 4370
3070 3344
3070 3457
3072 4506
3073 3683
3073 4218
3074 3160
3076 4386
3078 4251
3079 4620
3080 3465
3082 3869
3083 3570
3084 3498
3084 3861
3084 3962
3084 4511
3088 3126
3088 3564
3088 4302
3089 3388
3089 3481
3090 3158
3090 3848
3091 3223
3091 3256
3093 4257
3094 3262
3094 4052
3094 4612
3095 3145
3095 4618
3097 3880
3098 4362
3099 3132
3099 3262
3100 3264
3102 3367
3103 3652
3103 3914
3104 3552
3104 4135
3104 4387
3105 4059
3107 3715
3107 3873
3108 3841
3109 3474
3111 3244
3111 3724
3111 4564
3113 3440
3113 3851
3116 3798
3121 3598
3121 4518
3122 3867
3123 3886
3124 3645
3124 4482
3125 4271
3125 4429
3128 4199
3129 4548
3129 4574
3130 3444
3130 3907
3131 3904
3132 3677
3133 3461
3134 3151
3134 3378
3134 3970
3135 3845
3135 4090
3135 4427
3135 4637
3136 3327
3136 3456
3138 3416
3138 4546
3141 3467
3141 4355
3142 3687
3142 4309
3143 4415
3144 4366
3145 3802
3145 4153
3146 3174
3146 4010
3146 4057
3146 4607
3148 3257
3148 4077
3148 4239
3149 3884
3150 4070
3150 4436
3151 4460
3152 3634
3154 3825
3154 4132
3155 3541
3156 3473
3157 3186
3157 3235
3157 3499
3157 3534
3158 3178
3158 3437
3160 3479
3162 4589
3165 4378
3166 3810
3167 3565
3168 3683
3168 3980
3169 3595
3172 3355
3173 3338
3174 3242
3174 4644
3175 4260
3177 4157
3177 4530
3178 3305
3178 3314
3179 3459
3179 3470
3179 3649
3179 3932
3179 4171
3179 4388
3180 3786
3181 3616
3182 3296
3182 3624
3182 3636
3183 4092
3183 4638
3184 3549
3185 3669
3185 4111
3187 3993
3187 4435
3188 3542
3189 3200
3189 4003
3189 4522
3190 4622
3191 3861
3191 4220
3192 3861
3194 3883
3194 4400
3195 3532
3195 4565
3196 3283
3199 4202
3200 3635
3200 4331
3201 3684
3202 4654
3203 3206
3204 4588
3206 3368
3208 3967
3209 3228
3210 3218
3210 4313
3211 4335
3212 4015
3213 4074
3213 4488
3216 4648
3217 4408
3220 3578
3221 4588
3223 3951
3223 4614
3224 4071
3225 3455
3226 3478
3229 3260
3229 4273
3229 4425
3230 3926
3231 4192
3232 3449
3232 3704
3234 3281
3234 4251
3235 4285
3235 4508
3236 4437
3238 3855
3239 4033
3240 4047
3240 4388
3241 3253
3242 3382
3244 4190
3245 3427
3245 4352
3246 3500
3246 4029
3247 3513
3247 3588
3251 3548
3252 4340
3253 3382
3254 4292
3256 3797
3256 4055
3256 4185
3259 4108
3259 4651
3262 4031
3262 4238
3265 4435
3266 3537
3266 4558
3269 3461
3270 3592
3270 3820
3271 3879
3273 4248
3274 3993
3275 3380
3276 4199
3277 3736
3277 3812
3280 3373
3281 4034
3283 4360
3284 3350
3285 4506
3286 3953
3287 3888
3288 3640
3290 3982
3292 4630
3293 3434
3294 3669
3295 3394
3295 4562
3298 3906
3298 4067
3299 3511
3299 4579
3300 3446
3303 3798
3304 3672
3304 4404
3308 3323
3308 4435
3309 3655
3309 4053
3310 3528
3311 3492
3311 3521
3311 4412
3313 3897
3314 3406
3314 4091
3318 3769
3322 3502
3323 3703
3323 4192
3323 4354
3324 3907
3324 4384
3325 3540
3325 3766
3326 4428
3328 4595
3332 4655
3333 3543
3335 4526
3336 4125
3336 4300
3336 4537
3337 3773
3339 4288
3340 3712
3340 4442
3347 3537
3349 3684
3351 3646
3353 3386
3356 3521
3356 3808
3357 3566
3358 3645
3358 4243
3359 3664
3359 4103
3360 3444
3360 3566
3360 4573
3361 3391
3361 4435
3365 3639
3365 3854
3365 3983
3365 4470
3366 3480
3367 3380
3368 3482
3368 4601
3369 4042
3371 4240
3372 4274
3373 3385
3375 4007
3376 3936
3378 3815
3378 3826
3382 3517
3382 3859
3382 4545
3383 3447
3383 3480
3383 4392
3384 4218
3385 3660
3386 4361
3387 3957
3389 3981
3389 4145
3389 4339
3390 4227
3391 3942
3391 4172
3391 4205
3393 3472
3395 3595
3396 4171
3399 3995
3400 4396
3402 3535
3402 4132
3404 3624
3405 3537
3405 4198
3406 4452
3407 4044
3409 3663
3409 3899
3410 4018
3410 4298
3410 4540
3414 4300
3414 4477
3415 3800
3415 3881
3415 4010
3415 4123
3417 3877
3417 4438
3418 3772
3418 3887
3421 3512
3421 3745
3422 3449
3424 4415
3425 3426
3425 4481
3427 4394
3429 3880
3429 4500
3432 4290
3433 3487
3434 4641
3437 3663
3438 3840
3438 4298
3438 4537
3441 3636
3442 4473
3444 4648
3447 4486
3448 4501
3449 4137
3449 4517
3450 4216
3450 4274
3452 3895
3457 3572
3458 4478
3460 4653
3462 3615
3463 4139
3465 3887
3465 4612
3467 3852
3468 3605
3470 3721
3471 3654
3471 4470
3471 4547
3472 4048
3472 4655
3473 4167
3473 4430
3474 3648
3474 4056
3474 4458
3477 4199
3477 4598
3479 3545
3479 4088
3479 4464
3480 3678
3481 4377
3483 3620
3484 3601
3486 4399
3487 4350
3487 4454
3488 4443
3489 3556
3489 3947
3490 3695
3490 3717
3490 3894
3490 3925
3492 3654
3493 4312
3495 4163
3496 3520
3497 4630
3498 3893
3498 4153
3500 4137
3502 3595
3503 3821
3503 4018
3503 4095
3504 4264
3505 3887
3509 3758
3510 4035
3511 3566
3520 4170
3522 4438
3523 3878
3526 4252
3528 4026
3529 4020
3529 4030
3529 4113
3529 4328
3531 4362
3531 4370
3532 4654
3533 3814
3533 4064
3536 4424
3537 4581
3538 3931
3539 3750
3540 3720
3541 4021
3541 4040
3542 4051
3542 4074
3543 3830
3545 3564
3546 3677
3546 4423
3550 3727
3550 3736
3550 3926
3550 3993
3550 3996
3550 4139
3551 3921
3551 4248
3552 3724
3552 3966
3553 4316
3553 4364
3555 4329
3556 4638
3557 4209
3558 3662
3558 3933
3558 4067
3560 3828
3561 4407
3561 4570
3563 3739
3564 3716
3565 4430
3566 4371
3566 4613
3568 4062
3569 4412
3570 4446
3572 3916
3572 4061
3572 4633
3573 3707
3573 4072
3574 3790
3574 4021
3574 4565
3577 4292
3577 4448
3579 4603
3581 3902
3582 3835
3584 4023
3586 3744
3586 4172
3587 3770
3587 3949
3587 4024
3592 3599
3592 3938
3595 3958
3595 3960
3596 4415
3599 3770
3602 3841
3604 4190
3605 3847
3605 4120
3605 4548
3606 3717
3606 3774
3609 4057
3609 4644
3613 4281
3614 4022
3617 4591
3617 4657
3618 3725
3619 4104
3621 4630
3622 3978
3625 3638
3625 3765
3634 4302
3635 3790
3635 3928
3635 4152
3635 4242
3638 4123
3639 4610
3640 4147
3641 4250
3642 3943
3644 4267
3647 3751
3647 3772
3647 4381
3652 4315
3653 4605
3658 3891
3658 4531
3658 4642
3659 3919
3662 3855
3663 4006
3663 4401
3664 4416
3669 4020
3672 4018
3673 4579
3674 3780
3676 4573
3677 4361
3680 3819
3680 4084
3680 4463
3683 4284
3685 3775
3686 4459
3686 4574
3687 4144
3688 4112
3689 4285
3691 4645
3692 4417
3696 4527
3698 3918
3701 3992
3702 3733
3702 3892
3702 4232
3704 3804
3705 3773
3705 4446
3705 4557
3705 4634
3706 3983
3706 4206
3708 4349
3710 4397
3712 4485
3713 4339
3714 4201
3714 4628
3715 4029
3717 4102
3718 4588
3719 4237
3719 4323
3719 4497
3722 4456
3723 3824
3723 3856
3723 4041
3724 4489
3725 3821
3725 4310
3725 4510
3726 3799
3726 3800
3727 3925
3727 4218
3730 4127
3730 4128
3732 4326
3733 4094
3735 4088
3735 4453
3736 4059
3737 3870
3737 4527
3738 4496
3739 4413
3749 3971
3749 4038
3750 4566
3753 4026
3754 4285
3756 3813
3756 3830
3758 4228
3758 4294
3759 4116
3760 4402
3763 4259
3764 3988
3769 4021
3770 3930
3770 4010
3773 4202
3773 4409
3776 4359
3777 4471
3777 4589
3778 4347
3779 3839
3779 3971
3782 4101
3785 4259
3785 4553
3788 4204
3790 3878
3790 3906
3790 4260
3791 4243
3792 4378
3792 4638
3794 4093
3795 4490
3796 4581
3797 3918
3797 4380
3801 4557
3803 4250
3804 3896
3807 4531
3808 4168
3808 4383
3808 4482
3811 4184
3812 4328
3812 4648
3814 4321
3816 3837
3817 4032
3821 3828
3822 3857
3822 4245
3822 4301
3824 3853
3824 4267
3825 4626
3831 4061
3833 3903
3836 4324
3837 3910
3839 4114
3840 4496
3841 3922
3841 4005
3843 4499
3846 3901
3846 3942
3848 3898
3848 4614
3849 3929
3849 4543
3851 4257
3853 4376
3854 4174
3854 4329
3856 4140
3856 4306
3856 4504
3862 3973
3868 4074
3870 4488
3876 3980
3876 4510
3878 4049
3878 4469
3879 4287
3879 4631
3880 4083
3886 4075
3887 4197
3887 4566
3888 4130
3889 3918
3890 4051
3890 4433
3892 3908
3893 4343
3895 3945
3896 4568
3897 4101
3897 4157
3898 4117
3901 4559
3901 4561
3902 4091
3905 4423
3905 4613
3910 3919
3914 4037
3915 4014
3921 4346
3922 4517
3924 4196
3926 4174
3926 4588
3929 4613
3933 4027
3933 4086
3933 4559
3936 4078
3938 3963
3939 4605
3942 3972
3944 4200
3944 4477
3948 4302
3949 4429
3949 4526
3951 4365
3953 4245
3953 4602
3956 4214
3958 4474
3959 4053
3959 4212
3960 4250
3962 4151
3965 4597
3967 4242
3969 4189
3971 4516
3972 4536
3973 4218
3974 4594
3975 3976
3976 4586
3982 4205
3985 4088
3986 4376
3987 4447
3993 4340
3994 4048
3995 4189
4002 4174
4002 4342
4002 4578
4003 4607
4005 4013
4005 4163
4005 4553
4006 4506
4008 4073
4013 4332
4016 4078
4018 4537
4019 4222
4020 4558
4021 4335
4028 4643
4028 4646
4030 4413
4030 4650
4034 4160
4035 4372
4037 4126
4037 4461
4038 4166
4042 4098
4043 4338
4046 4084
4046 4098
4049 4389
4060 4540
4062 4544
4066 4158
4071 4229
4071 4328
4072 4413
4077 4159
4078 4218
4079 4544
4080 4466
4082 4144
4084 4096
4093 4374
4094 4469
4096 4246
4099 4379
4101 4367
4103 4555
4107 4314
4107 4456
4110 4468
4112 4593
4124 4491
4129 4288
4133 4260
4141 4519
4145 4243
4150 4184
4150 4231
4153 4304
4154 4583
4157 4421
4161 4352
4163 4184
4164 4292
4164 4453
4166 4233
4173 4457
4175 4519
4181 4411
4182 4409
4189 4617
4190 4478
4191 4520
4192 4243
4198 4518
4199 4498
4200 4478
4202 4344
4206 4361
4210 4322
4211 4289
4211 4416
4213 4334
4218 4336
4225 4527
4228 4255
4229 4286
4234 4483
4235 4364
4236 4349
4240 4302
4257 4391
4259 4592
4262 4296
4264 4270
4264 4599
4287 4485
4298 4319
4301 4403
4302 4603
4306 4358
4312 4480
4320 4538
4330 4507
4343 4493
4343 4576
4345 4569
4346 4611
4348 4546
4350 4560
4350 4640
4352 4398
4352 4579
4355 4519
4357 4365
4357 4612
4362 4387
4362 4392
4362 4562
4375 4524
4375 4612
4376 4567
4380 4405
4382 4494
4384 4493
4385 4646
4394 4555
4406 4422
4409 4586
4415 4524
4417 4490
4418 4536
4428 4477
4428 4653
4429 4513
4432 4596
4446 4529
4450 4633
4473 4496
4477 4655
4481 4654
4483 4575
4486 4596
4488 4575
4489 4639
4515 4557
4518 4534
4524 4601
4571 4587
4586 4619
4593 4633
4615 4653
4
277 1882 3548 4442
