382 1484
0 1
0 3
0 4
0 7
0 8
0 17
0 108
0 144
0 219
0 336
1 2
1 22
1 29
1 46
1 80
1 114
1 136
1 188
1 305
1 381
2 6
2 10
2 13
2 19
2 32
2 62
2 70
2 315
3 5
3 18
3 61
3 72
3 84
3 104
3 127
3 179
3 267
4 12
4 20
4 26
4 28
4 90
4 152
4 274
4 289
4 341
5 9
5 105
5 133
5 264
6 36
6 59
6 169
6 293
6 363
7 15
7 135
7 155
7 183
7 282
7 362
7 369
7 377
8 47
8 77
8 120
8 123
8 129
8 165
8 243
8 323
9 30
9 40
9 41
9 185
9 223
9 225
9 308
10 11
10 43
10 56
10 207
10 264
10 283
10 305
10 318
10 344
11 14
11 23
11 31
11 44
11 46
11 47
11 152
11 170
11 337
11 370
12 196
12 241
13 16
13 27
13 34
13 46
13 58
13 67
13 91
13 178
13 252
13 285
13 286
13 288
13 305
13 338
14 23
14 41
14 62
14 85
14 92
14 100
14 163
14 253
14 278
15 35
15 42
15 54
15 73
15 254
15 315
15 324
15 329
16 118
16 124
16 143
16 146
16 254
16 309
16 338
17 21
17 25
17 55
17 224
17 225
17 228
18 24
18 64
18 129
18 150
18 174
18 203
18 281
18 316
19 70
19 89
19 146
19 148
19 155
19 231
19 236
19 338
20 23
20 88
20 89
20 158
20 221
20 245
20 308
20 314
21 49
21 102
21 148
21 158
21 230
21 288
21 353
21 372
21 379
22 33
22 37
22 87
22 103
22 180
22 205
22 210
22 224
22 325
22 372
23 37
23 71
23 140
23 157
23 163
23 205
23 328
24 60
24 62
24 73
24 103
24 180
24 253
24 335
24 360
25 49
25 66
25 117
25 144
25 170
25 294
25 310
25 316
25 342
26 39
26 43
26 45
26 50
26 51
26 64
26 97
26 129
26 226
26 291
26 310
26 323
26 328
26 369
27 189
27 211
27 212
27 283
27 351
28 65
28 71
28 166
28 180
28 232
28 257
28 306
29 70
29 188
29 237
29 288
29 327
30 45
30 84
30 277
30 284
30 317
30 352
31 128
31 140
31 183
31 199
31 230
31 245
31 260
31 280
31 341
31 361
32 69
32 104
32 136
32 234
32 325
32 358
32 381
33 44
33 64
33 86
33 89
33 168
33 205
33 281
34 46
34 64
34 105
34 182
34 184
34 201
34 225
35 38
35 69
35 76
35 78
35 120
35 205
35 241
35 246
35 283
35 313
35 359
36 72
36 203
36 232
37 69
37 80
37 96
37 147
37 168
37 185
37 227
37 232
37 251
37 259
37 294
37 328
38 239
38 240
38 247
38 282
38 335
38 343
38 344
39 40
39 69
39 79
39 146
39 185
39 235
39 251
39 261
39 293
40 89
40 96
40 125
40 128
40 167
40 177
40 202
40 218
40 220
40 230
41 80
41 164
41 168
41 170
41 197
41 305
41 306
41 345
41 349
42 51
42 75
42 82
42 83
42 123
42 136
42 289
43 47
43 97
43 127
43 157
43 158
43 268
43 365
44 58
44 68
44 79
44 94
44 140
44 142
44 205
44 349
45 192
45 223
45 232
46 118
46 151
46 202
46 222
46 223
46 232
46 240
46 250
46 271
46 330
47 48
47 52
47 115
47 189
47 273
47 330
48 160
48 285
48 342
49 101
49 120
49 137
49 179
49 201
49 221
49 321
50 57
50 106
50 167
50 185
50 220
50 250
50 324
50 365
50 369
51 53
51 74
51 81
51 144
51 151
51 169
51 225
51 304
51 348
51 360
52 120
52 164
52 175
52 251
52 283
52 348
53 147
53 295
53 321
53 343
54 63
54 124
54 154
54 171
54 247
54 253
54 287
54 366
55 61
55 93
55 97
55 107
55 119
55 179
55 190
55 220
55 303
55 315
55 336
55 351
56 97
56 145
56 147
56 191
56 255
56 338
56 344
57 98
57 166
57 288
57 371
58 67
58 142
58 148
58 173
58 236
58 244
58 262
58 269
58 278
58 324
58 333
58 359
59 165
59 209
59 226
59 248
59 252
60 64
60 65
60 134
60 164
60 178
60 238
60 239
60 285
60 327
60 331
60 379
61 233
61 351
61 369
61 380
62 97
62 102
62 171
62 184
62 238
62 293
62 343
63 145
63 188
63 198
63 224
63 265
63 274
64 124
64 162
64 273
64 320
64 322
64 326
65 80
65 99
65 176
65 284
65 343
65 372
66 89
66 109
66 190
66 200
66 204
66 221
66 222
66 276
66 313
67 262
67 276
67 281
67 305
67 374
68 82
68 111
68 112
68 135
68 170
68 258
68 271
68 334
69 240
69 275
69 291
69 328
70 74
70 115
70 128
70 130
70 139
70 227
70 234
70 265
70 271
70 348
71 94
71 121
71 167
71 361
72 115
72 126
72 159
72 179
72 379
73 92
73 101
73 102
73 146
73 149
73 160
73 209
73 238
73 298
73 338
73 362
74 88
74 125
74 131
74 141
74 176
74 282
75 135
75 168
75 262
75 311
75 330
75 348
76 77
76 84
76 92
76 129
76 136
76 209
76 233
76 250
76 280
76 308
77 98
77 141
77 145
77 161
77 211
77 253
77 256
78 155
78 191
78 192
78 244
78 255
78 297
78 308
78 320
78 347
78 372
79 80
79 124
79 131
79 165
79 177
79 335
79 336
79 372
80 153
80 174
80 225
80 281
81 97
81 127
81 157
81 159
81 207
81 242
81 312
81 347
82 84
82 150
82 168
82 214
83 92
83 133
83 169
83 201
83 334
84 126
84 131
84 282
84 369
85 116
85 121
85 162
85 218
85 227
85 241
85 330
86 170
86 303
87 92
87 112
87 166
87 268
87 337
88 101
88 122
88 231
88 235
89 98
89 102
89 128
89 135
89 185
89 329
89 376
90 106
90 213
90 321
90 374
91 154
91 275
92 113
92 142
92 158
92 209
92 308
93 95
93 166
93 293
93 300
93 323
94 98
94 114
94 115
94 174
94 275
95 213
95 253
95 254
95 367
95 376
96 141
96 164
96 265
96 357
97 108
97 139
97 196
97 317
97 331
98 126
98 161
98 181
98 248
98 249
99 151
99 178
99 188
99 287
100 325
101 196
101 217
101 343
102 183
102 309
102 317
102 333
103 109
103 110
103 134
103 142
103 258
104 130
104 132
104 136
104 237
104 353
104 360
105 261
105 289
105 348
106 170
106 176
106 255
106 287
106 300
106 360
107 138
107 333
108 127
108 154
108 190
108 249
108 259
108 298
108 320
108 339
109 174
109 214
109 228
110 119
110 131
110 139
110 148
110 192
110 220
110 298
110 378
111 227
111 245
111 276
111 296
111 326
111 340
112 202
112 235
112 272
112 274
112 325
113 150
113 152
113 153
113 173
113 209
113 230
113 266
113 314
113 331
114 191
114 217
114 246
114 260
114 312
115 152
115 153
115 177
115 221
115 267
115 271
115 293
115 331
116 147
116 175
116 184
116 200
116 231
116 295
117 122
117 146
117 194
117 345
117 360
118 128
118 195
118 202
118 236
118 273
119 151
119 196
119 224
119 229
119 326
119 345
119 351
119 374
120 191
120 227
120 228
120 330
120 354
121 154
121 156
121 172
121 195
121 220
121 227
121 301
122 124
122 203
122 214
122 273
122 292
122 321
122 363
123 163
123 176
123 234
123 242
123 254
123 284
123 292
123 367
123 368
124 156
124 198
124 230
124 231
124 233
124 245
124 347
125 165
125 350
125 379
126 182
126 235
126 316
126 348
126 362
127 142
128 309
128 347
128 353
129 130
129 145
129 161
129 213
129 305
130 155
130 202
130 235
130 326
130 340
131 160
131 245
131 328
131 331
132 181
132 194
133 157
133 196
133 230
133 295
133 360
134 299
135 173
135 204
135 242
135 295
135 320
135 338
135 354
136 168
136 230
136 355
137 193
137 295
137 303
138 156
138 244
138 275
138 377
139 169
139 206
139 212
139 226
139 230
139 239
139 256
139 275
139 359
140 143
140 147
140 202
140 216
140 222
140 282
140 302
140 319
141 203
141 212
141 247
141 284
142 197
142 285
142 303
143 174
143 205
143 319
144 194
144 195
144 198
144 359
144 371
145 232
145 240
145 265
145 312
146 182
146 240
146 313
146 330
147 152
147 164
147 178
147 224
147 238
147 253
147 291
147 307
147 361
147 365
148 149
148 167
148 196
148 257
148 277
148 328
149 240
149 357
149 366
150 183
150 232
150 279
151 172
151 188
151 246
151 294
151 338
151 358
152 206
152 207
152 226
152 269
152 300
153 192
153 211
153 288
153 300
153 303
153 355
154 233
154 234
154 247
154 298
154 332
154 349
155 288
155 314
155 323
155 358
156 173
156 210
156 228
156 291
157 254
157 304
157 344
157 371
158 161
158 173
158 203
158 236
158 240
158 335
158 381
159 180
159 189
159 335
159 339
159 353
160 192
160 214
160 218
160 232
160 294
160 332
160 369
161 177
162 194
162 250
162 381
163 226
163 268
163 294
163 313
163 341
163 367
164 170
164 233
164 282
164 344
165 244
165 321
165 363
165 376
166 195
166 339
166 369
167 186
167 212
167 263
167 266
167 295
167 297
167 300
167 312
168 287
168 329
169 180
169 188
169 211
169 257
169 331
170 203
170 282
170 365
171 331
171 332
172 194
172 259
172 280
172 301
172 309
172 316
173 191
173 197
173 209
173 211
173 279
174 259
174 310
174 362
175 272
176 187
176 216
176 217
176 220
176 226
176 247
176 329
176 375
177 250
177 354
177 363
178 180
178 193
178 209
178 245
179 228
179 311
179 372
180 252
180 268
180 310
180 314
181 210
181 279
181 342
182 237
183 292
183 332
184 212
184 262
184 283
184 334
185 187
185 260
185 262
185 283
185 318
185 353
185 368
186 190
186 210
186 262
186 296
187 203
187 206
187 271
187 285
187 372
188 232
188 242
188 265
188 284
188 293
188 329
188 351
189 230
189 263
189 343
189 353
189 358
190 219
190 227
190 246
191 198
191 212
191 215
191 220
192 193
192 223
192 286
192 341
193 208
193 278
194 202
194 230
194 265
194 272
194 296
194 302
194 317
195 197
195 229
195 312
195 326
195 343
196 228
196 259
196 290
197 258
197 347
198 232
198 287
199 229
199 240
199 263
199 270
199 279
201 258
201 270
201 287
202 257
203 263
203 332
203 342
203 345
204 223
204 232
205 218
205 256
205 268
205 339
206 263
207 218
207 281
207 326
207 351
207 354
207 363
208 211
208 250
208 256
208 282
208 315
208 334
209 210
209 230
210 256
210 271
210 355
211 287
212 215
212 226
212 233
212 247
212 259
212 335
212 373
213 285
213 292
213 298
213 310
213 327
213 356
214 232
214 271
214 276
214 314
214 315
215 225
215 262
215 304
215 364
215 379
216 270
216 340
216 343
217 272
217 327
217 338
217 372
218 284
219 287
219 290
219 293
219 301
219 356
220 254
221 367
222 373
223 276
223 299
223 301
223 374
224 252
225 236
225 245
225 380
226 240
226 333
226 335
227 353
227 365
228 243
228 261
228 269
228 275
229 240
229 243
229 251
229 348
230 238
230 281
231 257
232 299
232 310
232 359
233 269
234 366
234 374
235 316
235 370
236 277
236 286
236 292
236 297
237 252
237 291
237 344
237 350
237 358
238 254
238 258
238 273
238 327
238 381
239 255
239 282
239 283
239 352
240 265
240 307
241 247
241 275
241 313
241 356
241 367
242 265
242 278
242 323
242 351
242 361
243 244
243 309
243 353
244 266
244 269
245 269
245 298
245 356
247 312
247 380
248 277
248 310
248 357
249 273
249 277
249 303
250 362
250 365
251 325
251 355
251 364
252 268
253 305
254 354
254 381
255 263
255 265
255 320
256 276
256 286
257 270
257 302
257 328
257 360
258 309
258 330
259 276
259 360
260 272
260 306
260 308
260 361
261 271
263 294
263 310
264 348
264 364
266 337
267 268
267 375
268 305
269 278
269 341
269 350
269 378
270 360
271 283
271 305
272 355
273 285
273 345
274 293
274 305
274 353
274 370
275 379
276 309
276 338
278 328
278 330
278 346
278 368
279 321
279 346
280 364
281 359
281 381
282 327
282 369
283 378
285 302
286 343
286 369
287 300
287 317
287 356
288 296
288 325
289 329
289 336
289 349
289 352
290 305
290 308
290 345
292 333
292 347
293 333
293 358
293 370
294 300
294 340
295 306
295 322
296 335
296 337
297 339
297 376
298 339
298 367
299 324
300 370
300 379
300 380
301 338
301 370
303 345
304 314
304 352
304 362
305 316
305 359
306 344
306 347
307 350
308 367
309 344
309 356
310 331
310 332
311 322
311 336
311 347
311 372
312 327
312 342
312 348
312 378
314 318
315 378
316 327
317 349
318 319
318 327
319 325
319 354
319 368
320 347
320 367
321 330
321 346
322 352
322 369
323 350
325 369
326 358
327 328
329 345
329 348
330 364
330 373
331 361
333 335
333 339
333 376
334 344
336 370
336 375
337 369
338 357
339 357
340 342
346 368
346 369
346 370
351 381
353 360
356 380
359 378
362 371
363 364
367 368
370 378
372 376
378 381
5
104 160 163 189 211
